87.6231,91.953,0.0723871,0.0111493
91.953,96.3845,0.0713252,0.0110672
96.3845,100.917,0.0698824,0.0109547
100.917,105.552,0.0752042,0.0113642
105.552,110.287,0.0725493,0.0111618
110.287,115.124,0.0753144,0.0113725
115.124,120.061,0.0763777,0.0114525
120.061,125.099,0.0747979,0.0113334
125.099,130.237,0.0740631,0.0112776
130.237,135.476,0.0752387,0.0113668
135.476,140.816,0.0729582,0.0111932
140.816,146.256,0.0740934,0.0112799
146.256,151.795,0.074702,0.0113262
151.795,157.435,0.0746726,0.0113239
157.435,163.175,0.0732633,0.0112166
163.175,169.015,0.073673,0.0112479
169.015,174.954,0.0739968,0.0112726
174.954,180.993,0.0735784,0.0112407
180.993,187.132,0.0731356,0.0112068
187.132,193.37,0.0723707,0.011148
193.37,199.708,0.0735528,0.0112387
199.708,206.145,0.0730121,0.0111973
206.145,212.681,0.0730272,0.0111985
212.681,219.317,0.072387,0.0111493
219.317,226.052,0.0707041,0.0110189
226.052,232.885,0.0717881,0.0111031
232.885,239.819,0.0687902,0.0108688
239.819,246.851,0.0688142,0.0108707
246.851,253.982,0.067172,0.0107402
253.982,261.212,0.0672373,0.0107454
261.212,268.541,0.0660881,0.0106532
268.541,275.969,0.0656497,0.0106178
275.969,283.496,0.0655151,0.0106069
283.496,291.122,0.064208,0.0105005
291.122,298.847,0.0648664,0.0105542
298.847,306.67,0.0635593,0.0104474
306.67,314.593,0.0630719,0.0104072
314.593,322.614,0.06452,0.010526
322.614,330.734,0.0637143,0.0104601
330.734,338.953,0.0629869,0.0104002
338.953,347.271,0.0632191,0.0104194
347.271,355.687,0.0628369,0.0103878
355.687,364.203,0.0630922,0.0104089
364.203,372.817,0.0624791,0.0103582
372.817,381.53,0.0624319,0.0103543
381.53,390.342,0.0627564,0.0103812
390.342,399.253,0.0616616,0.0102902
399.253,408.264,0.0622117,0.010336
408.264,417.373,0.0612565,0.0102563
417.373,426.58,0.0617883,0.0103008
426.58,435.887,0.0620878,0.0103257
435.887,445.293,0.0610941,0.0102428
445.293,454.799,0.06087,0.010224
454.799,464.403,0.0613499,0.0102642
464.403,474.106,0.0613194,0.0102616
474.106,483.909,0.061129,0.0102457
483.909,493.811,0.0610182,0.0102364
493.811,503.812,0.0607798,0.0102164
503.812,513.913,0.0603002,0.010176
513.913,524.112,0.0602967,0.0101757
524.112,534.412,0.0602152,0.0101688
534.412,544.811,0.0598922,0.0101415
544.811,555.309,0.0595184,0.0101098
555.309,565.908,0.0593578,0.0100961
565.908,576.605,0.0594932,0.0101077
576.605,587.403,0.0592647,0.0100882
587.403,598.3,0.0586595,0.0100366
598.3,609.298,0.0571035,0.00990258
609.298,620.395,0.0567959,0.00987587
620.395,631.592,0.0554728,0.00976016
631.592,642.889,0.0538917,0.00962006
642.889,654.287,0.0507659,0.00933691
654.287,665.784,0.0473899,0.0090211
665.784,677.383,0.0436805,0.00866085
677.383,689.081,0.0386725,0.00814925
689.081,700.88,0.0338287,0.00762184
700.88,712.779,0.0281334,0.00695069
712.779,724.779,0.022836,0.0062622
724.779,736.88,0.0178149,0.00553106
736.88,749.082,0.0132975,0.00477861
749.082,761.384,0.00951966,0.00404322
761.384,773.788,0.00642965,0.00332285
773.788,786.292,0.00424698,0.00270058
786.292,798.898,0.0025745,0.00210263
798.898,811.605,0.00153382,0.00162294
811.605,824.413,0.000885645,0.00123324
824.413,837.322,0.000466083,0.00089464
837.322,850.334,0.000242856,0.00064579
850.334,863.446,0.00011016,0.000434939
863.446,876.661,4.70202e-05,0.000284158
876.661,889.977,1.99405e-05,0.000185048
889.977,903.395,7.51986e-06,0.000113638
903.395,916.915,3.14237e-06,7.34591e-05
916.915,930.537,7.79706e-07,3.65917e-05
930.537,944.261,3.86951e-07,2.57777e-05
944.261,958.088,5.12775e-313,2.96743e-158
958.088,972.017,5.09006e-313,2.9565e-158
972.017,986.048,5.05289e-313,2.94569e-158
986.048,1000.18,5.01622e-313,2.93498e-158
1000.18,1014.42,4.98004e-313,2.92438e-158
1014.42,1028.76,4.94435e-313,2.91388e-158
1028.76,1043.2,4.90913e-313,2.90348e-158
1043.2,1057.75,4.87437e-313,2.89319e-158
1057.75,1072.39,4.84007e-313,2.88299e-158
1072.39,1087.15,4.80621e-313,2.87289e-158
1087.15,1102,4.77279e-313,2.86288e-158
1102,1116.96,4.7398e-313,2.85297e-158
1116.96,1132.02,4.70723e-313,2.84315e-158
1132.02,1147.19,4.67507e-313,2.83342e-158
1147.19,1162.46,4.64332e-313,2.82378e-158
1162.46,1177.83,4.61196e-313,2.81423e-158
1177.83,1193.31,4.58099e-313,2.80477e-158
1193.31,1208.89,4.5504e-313,2.79539e-158
1208.89,1224.57,4.52019e-313,2.78609e-158
1224.57,1240.36,4.49035e-313,2.77688e-158
1240.36,1256.25,4.46087e-313,2.76775e-158
1256.25,1272.25,4.43174e-313,2.7587e-158
1272.25,1288.36,4.40297e-313,2.74973e-158
1288.36,1304.56,4.37453e-313,2.74083e-158
1304.56,1320.87,4.34644e-313,2.73202e-158
1320.87,1337.29,4.31867e-313,2.72328e-158
1337.29,1353.81,4.29123e-313,2.71461e-158
1353.81,1370.44,4.2641e-313,2.70602e-158
1370.44,1387.17,4.23729e-313,2.6975e-158
1387.17,1404.01,4.21079e-313,2.68905e-158
1404.01,1420.95,4.1846e-313,2.68067e-158
1420.95,1438,4.1587e-313,2.67236e-158
1438,1455.15,4.13309e-313,2.66412e-158
1455.15,1472.41,4.10777e-313,2.65595e-158
1472.41,1489.78,4.08274e-313,2.64785e-158
1489.78,1507.25,4.05798e-313,2.63981e-158
1507.25,1524.83,4.0335e-313,2.63183e-158
1524.83,1542.51,4.00929e-313,2.62392e-158
1542.51,1560.3,3.98534e-313,2.61607e-158
1560.3,1578.2,3.96166e-313,2.60829e-158
1578.2,1596.2,3.93823e-313,2.60056e-158
1596.2,1614.31,3.91505e-313,2.5929e-158
1614.31,1632.53,3.89213e-313,2.5853e-158
1632.53,1650.85,3.86945e-313,2.57775e-158
1650.85,1669.28,3.84701e-313,2.57027e-158
1669.28,1687.82,3.82481e-313,2.56284e-158
1687.82,1706.46,3.80284e-313,2.55547e-158
1706.46,1725.21,3.7811e-313,2.54816e-158
1725.21,1744.07,3.75959e-313,2.5409e-158
1744.07,1763.04,3.73831e-313,2.53369e-158
1763.04,1782.11,3.71724e-313,2.52655e-158
1782.11,1801.29,3.69639e-313,2.51945e-158
1801.29,1820.58,3.67575e-313,2.51241e-158
1820.58,1839.97,3.65533e-313,2.50542e-158
1839.97,1859.48,3.63511e-313,2.49848e-158
1859.48,1879.09,3.6151e-313,2.49159e-158
1879.09,1898.81,3.59529e-313,2.48476e-158
1898.81,1918.64,3.57567e-313,2.47797e-158
1918.64,1938.58,3.55626e-313,2.47123e-158
1938.58,1958.62,3.53703e-313,2.46454e-158
1958.62,1978.77,3.518e-313,2.4579e-158
1978.77,1999.04,3.49915e-313,2.45131e-158
1999.04,2019.41,3.48049e-313,2.44477e-158
2019.41,2039.88,3.46202e-313,2.43827e-158
2039.88,2060.47,3.44372e-313,2.43182e-158
2060.47,2081.17,3.4256e-313,2.42541e-158
2081.17,2101.98,3.40765e-313,2.41905e-158
2101.98,2122.89,3.38988e-313,2.41273e-158
2122.89,2143.91,3.37227e-313,2.40646e-158
2143.91,2165.05,3.35484e-313,2.40023e-158
2165.05,2186.29,3.33757e-313,2.39404e-158
2186.29,2207.64,3.32046e-313,2.3879e-158
2207.64,2229.11,3.30352e-313,2.3818e-158
2229.11,2250.68,3.28673e-313,2.37574e-158
2250.68,2272.36,3.2701e-313,2.36972e-158
2272.36,2294.15,3.25363e-313,2.36375e-158
2294.15,2316.05,3.23731e-313,2.35781e-158
2316.05,2338.06,3.22114e-313,2.35192e-158
2338.06,2360.18,3.20512e-313,2.34606e-158
2360.18,2382.41,3.18925e-313,2.34024e-158
2382.41,2404.75,3.17352e-313,2.33446e-158
2404.75,2427.2,3.15793e-313,2.32873e-158
2427.2,2449.76,3.14249e-313,2.32303e-158
2449.76,2472.44,3.12719e-313,2.31736e-158
2472.44,2495.22,3.11202e-313,2.31174e-158
2495.22,2518.11,3.097e-313,2.30615e-158
2518.11,2541.11,3.0821e-313,2.3006e-158
2541.11,2564.23,3.06734e-313,2.29508e-158
2564.23,2587.45,3.05271e-313,2.2896e-158
2587.45,2610.79,3.03821e-313,2.28416e-158
