87.6231,91.953,0.0174367,0.00547203
91.953,96.3845,0.0171242,0.00542279
96.3845,100.917,0.016714,0.00535743
100.917,105.552,0.0179118,0.00554608
105.552,110.287,0.0171737,0.00543062
110.287,115.124,0.0178453,0.00553578
115.124,120.061,0.0180761,0.00557146
120.061,125.099,0.0176053,0.00549843
125.099,130.237,0.0174758,0.00547817
130.237,135.476,0.0176231,0.00550121
135.476,140.816,0.0171361,0.00542467
140.816,146.256,0.0172423,0.00544144
146.256,151.795,0.0173185,0.00545346
151.795,157.435,0.0171104,0.00542059
157.435,163.175,0.0168644,0.00538148
163.175,169.015,0.0169253,0.00539119
169.015,174.954,0.0169308,0.00539207
174.954,180.993,0.0165982,0.00533885
180.993,187.132,0.0165164,0.00532568
187.132,193.37,0.016394,0.0053059
193.37,199.708,0.0163823,0.005304
199.708,206.145,0.0163534,0.00529934
206.145,212.681,0.0163765,0.00530307
212.681,219.317,0.0160846,0.00525559
219.317,226.052,0.0157485,0.0052004
226.052,232.885,0.0159968,0.00524124
232.885,239.819,0.015492,0.00515787
239.819,246.851,0.0155323,0.00516458
246.851,253.982,0.0151437,0.00509956
253.982,261.212,0.0150835,0.00508942
261.212,268.541,0.0147841,0.00503865
268.541,275.969,0.0146986,0.00502407
275.969,283.496,0.0145764,0.00500313
283.496,291.122,0.0141944,0.00493714
291.122,298.847,0.0142459,0.00494608
298.847,306.67,0.0139491,0.0048943
306.67,314.593,0.0136945,0.00484943
314.593,322.614,0.0137191,0.00485378
322.614,330.734,0.0135125,0.00481708
330.734,338.953,0.0132264,0.00476583
338.953,347.271,0.0130593,0.00473563
347.271,355.687,0.0128102,0.00469024
355.687,364.203,0.0126812,0.00466656
364.203,372.817,0.0123924,0.00461313
372.817,381.53,0.0122359,0.0045839
381.53,390.342,0.0121224,0.00456258
390.342,399.253,0.0117424,0.00449052
399.253,408.264,0.0116804,0.00447863
408.264,417.373,0.0113369,0.00441229
417.373,426.58,0.011234,0.00439222
426.58,435.887,0.0110508,0.00435625
435.887,445.293,0.0107765,0.00430186
445.293,454.799,0.0105988,0.00426623
454.799,464.403,0.0103918,0.00422437
464.403,474.106,0.0102026,0.00418574
474.106,483.909,0.0099374,0.00413098
483.909,493.811,0.00974862,0.00409156
493.811,503.812,0.00942549,0.00402317
503.812,513.913,0.00928617,0.00399333
513.913,524.112,0.00909386,0.00395176
524.112,534.412,0.00875038,0.00387642
534.412,544.811,0.00857883,0.00383823
544.811,555.309,0.00832911,0.00378195
555.309,565.908,0.00804118,0.00371601
565.908,576.605,0.00789174,0.00368132
576.605,587.403,0.00763964,0.00362204
587.403,598.3,0.00744493,0.00357559
598.3,609.298,0.0070858,0.00348828
609.298,620.395,0.00696334,0.00345801
620.395,631.592,0.00671568,0.00339595
631.592,642.889,0.00647839,0.00333542
642.889,654.287,0.00623282,0.00327159
654.287,665.784,0.00596903,0.00320161
665.784,677.383,0.005765,0.00314642
677.383,689.081,0.00555063,0.00308736
689.081,700.88,0.00531387,0.0030208
700.88,712.779,0.00506923,0.00295045
712.779,724.779,0.00485864,0.00288851
724.779,736.88,0.00464386,0.00282395
736.88,749.082,0.00442414,0.00275633
749.082,761.384,0.00420049,0.00268576
761.384,773.788,0.00398377,0.00261555
773.788,786.292,0.00375737,0.00254015
786.292,798.898,0.00357959,0.00247933
798.898,811.605,0.00337223,0.00240644
811.605,824.413,0.00317704,0.00233576
824.413,837.322,0.00295158,0.00225135
837.322,850.334,0.0027814,0.00218549
850.334,863.446,0.00259942,0.00211278
863.446,876.661,0.00239857,0.00202952
876.661,889.977,0.00221337,0.00194959
889.977,903.395,0.00206525,0.00188323
903.395,916.915,0.00188589,0.00179959
916.915,930.537,0.00175052,0.00173381
930.537,944.261,0.00158357,0.00164905
944.261,958.088,0.00144157,0.00157338
958.088,972.017,0.00130023,0.00149426
972.017,986.048,0.00115977,0.00141124
986.048,1000.18,0.00103191,0.00133119
1000.18,1014.42,0.000907905,0.00124864
1014.42,1028.76,0.000792468,0.00116656
1028.76,1043.2,0.000696415,0.00109358
1043.2,1057.75,0.000606317,0.00102039
1057.75,1072.39,0.000510796,0.000936571
1072.39,1087.15,0.000430622,0.000859933
1087.15,1102,0.000358965,0.000785133
1102,1116.96,0.000294977,0.000711723
1116.96,1132.02,0.00023877,0.000640334
1132.02,1147.19,0.000189918,0.000571084
1147.19,1162.46,0.000147535,0.000503343
1162.46,1177.83,0.000113168,0.000440837
1177.83,1193.31,8.38435e-05,0.000379447
1193.31,1208.89,6.11178e-05,0.000323967
1208.89,1224.57,4.32924e-05,0.000272661
1224.57,1240.36,3.09086e-05,0.000230386
1240.36,1256.25,2.09944e-05,0.000189876
1256.25,1272.25,1.30485e-05,0.000149691
1272.25,1288.36,9.48504e-06,0.000127625
1288.36,1304.56,5.49513e-06,9.71418e-05
1304.56,1320.87,3.26108e-06,7.48338e-05
1320.87,1337.29,1.3992e-06,4.90181e-05
1337.29,1353.81,8.78088e-07,3.88317e-05
1353.81,1370.44,3.3932e-07,2.41392e-05
1370.44,1387.17,2.16763e-07,1.92934e-05
1387.17,1404.01,1.19671e-07,1.43354e-05
1404.01,1420.95,2.37853e-08,6.39103e-06
1420.95,1438,4.72761e-08,9.01027e-06
1438,1455.15,3.13635e-314,7.33887e-159
1455.15,1472.41,3.11714e-314,7.31636e-159
1472.41,1489.78,3.09814e-314,7.29403e-159
1489.78,1507.25,3.07936e-314,7.27188e-159
1507.25,1524.83,3.06078e-314,7.24991e-159
1524.83,1542.51,3.04241e-314,7.22812e-159
1542.51,1560.3,3.02423e-314,7.2065e-159
1560.3,1578.2,3.00626e-314,7.18506e-159
1578.2,1596.2,2.98848e-314,7.16378e-159
1596.2,1614.31,2.9709e-314,7.14267e-159
1614.31,1632.53,2.9535e-314,7.12173e-159
1632.53,1650.85,2.93629e-314,7.10095e-159
1650.85,1669.28,2.91926e-314,7.08033e-159
1669.28,1687.82,2.90241e-314,7.05987e-159
1687.82,1706.46,2.88574e-314,7.03956e-159
1706.46,1725.21,2.86925e-314,7.01942e-159
1725.21,1744.07,2.85293e-314,6.99942e-159
1744.07,1763.04,2.83677e-314,6.97958e-159
1763.04,1782.11,2.82079e-314,6.95989e-159
1782.11,1801.29,2.80497e-314,6.94034e-159
1801.29,1820.58,2.78931e-314,6.92094e-159
1820.58,1839.97,2.77381e-314,6.90168e-159
1839.97,1859.48,2.75847e-314,6.88257e-159
1859.48,1879.09,2.74328e-314,6.8636e-159
1879.09,1898.81,2.72825e-314,6.84477e-159
1898.81,1918.64,2.71336e-314,6.82607e-159
1918.64,1938.58,2.69863e-314,6.80751e-159
1938.58,1958.62,2.68404e-314,6.78909e-159
1958.62,1978.77,2.6696e-314,6.7708e-159
1978.77,1999.04,2.6553e-314,6.75264e-159
1999.04,2019.41,2.64114e-314,6.73461e-159
2019.41,2039.88,2.62711e-314,6.71671e-159
2039.88,2060.47,2.61323e-314,6.69893e-159
2060.47,2081.17,2.59948e-314,6.68128e-159
2081.17,2101.98,2.58586e-314,6.66376e-159
2101.98,2122.89,2.57237e-314,6.64636e-159
2122.89,2143.91,2.55901e-314,6.62908e-159
2143.91,2165.05,2.54578e-314,6.61192e-159
2165.05,2186.29,2.53268e-314,6.59488e-159
2186.29,2207.64,2.5197e-314,6.57796e-159
2207.64,2229.11,2.50684e-314,6.56115e-159
2229.11,2250.68,2.4941e-314,6.54446e-159
2250.68,2272.36,2.48148e-314,6.52789e-159
2272.36,2294.15,2.46898e-314,6.51142e-159
2294.15,2316.05,2.4566e-314,6.49507e-159
2316.05,2338.06,2.44433e-314,6.47883e-159
2338.06,2360.18,2.43217e-314,6.4627e-159
2360.18,2382.41,2.42013e-314,6.44668e-159
2382.41,2404.75,2.40819e-314,6.43076e-159
2404.75,2427.2,2.39636e-314,6.41495e-159
2427.2,2449.76,2.38465e-314,6.39925e-159
2449.76,2472.44,2.37303e-314,6.38365e-159
2472.44,2495.22,2.36153e-314,6.36815e-159
2495.22,2518.11,2.35012e-314,6.35276e-159
2518.11,2541.11,2.33882e-314,6.33746e-159
2541.11,2564.23,2.32762e-314,6.32227e-159
2564.23,2587.45,2.31652e-314,6.30717e-159
2587.45,2610.79,2.30551e-314,6.29218e-159
