87.6231,91.953,1.23937e-313,1.45887e-158
91.953,96.3845,1.21095e-313,1.44205e-158
96.3845,100.917,1.18385e-313,1.42582e-158
100.917,105.552,1.15797e-313,1.41015e-158
105.552,110.287,1.13324e-313,1.39501e-158
110.287,115.124,1.10957e-313,1.38037e-158
115.124,120.061,1.0869e-313,1.36619e-158
120.061,125.099,1.06517e-313,1.35247e-158
125.099,130.237,1.04432e-313,1.33916e-158
130.237,135.476,1.02429e-313,1.32626e-158
135.476,140.816,1.00504e-313,1.31374e-158
140.816,146.256,9.86515e-314,1.30157e-158
146.256,151.795,9.68683e-314,1.28976e-158
151.795,157.435,9.51501e-314,1.27827e-158
157.435,163.175,9.34934e-314,1.26709e-158
163.175,169.015,9.18948e-314,1.25621e-158
169.015,174.954,9.03514e-314,1.24562e-158
174.954,180.993,8.88602e-314,1.23529e-158
180.993,187.132,8.74185e-314,1.22523e-158
187.132,193.37,8.60239e-314,1.21542e-158
193.37,199.708,8.46741e-314,1.20585e-158
199.708,206.145,8.33669e-314,1.1965e-158
206.145,212.681,8.21001e-314,1.18738e-158
212.681,219.317,8.0872e-314,1.17846e-158
219.317,226.052,7.96808e-314,1.16975e-158
226.052,232.885,7.85247e-314,1.16123e-158
232.885,239.819,7.74022e-314,1.15291e-158
239.819,246.851,7.63118e-314,1.14476e-158
246.851,253.982,7.52521e-314,1.13678e-158
253.982,261.212,7.42217e-314,1.12897e-158
261.212,268.541,7.32196e-314,1.12132e-158
268.541,275.969,7.22444e-314,1.11383e-158
275.969,283.496,7.1295e-314,1.10649e-158
283.496,291.122,7.03705e-314,1.09929e-158
291.122,298.847,6.94698e-314,1.09223e-158
298.847,306.67,6.85919e-314,1.08531e-158
306.67,314.593,6.77361e-314,1.07852e-158
314.593,322.614,6.69014e-314,1.07185e-158
322.614,330.734,6.60871e-314,1.06531e-158
330.734,338.953,6.52923e-314,1.05888e-158
338.953,347.271,6.45165e-314,1.05257e-158
347.271,355.687,6.37588e-314,1.04637e-158
355.687,364.203,6.30186e-314,1.04028e-158
364.203,372.817,6.22953e-314,1.0343e-158
372.817,381.53,6.15884e-314,1.02841e-158
381.53,390.342,6.08972e-314,1.02262e-158
390.342,399.253,6.02212e-314,1.01693e-158
399.253,408.264,5.95599e-314,1.01133e-158
408.264,417.373,5.89128e-314,1.00582e-158
417.373,426.58,5.82794e-314,1.0004e-158
426.58,435.887,4.31891e-08,8.612e-06
435.887,445.293,5.70521e-314,9.89812e-159
445.293,454.799,5.64573e-314,9.84639e-159
454.799,464.403,4.18522e-08,8.47767e-06
464.403,474.106,1.65698e-07,1.68685e-05
474.106,483.909,5.47438e-314,9.69582e-159
483.909,493.811,8.11884e-08,1.18077e-05
493.811,503.812,8.03823e-08,1.17489e-05
503.812,513.913,3.97958e-08,8.26676e-06
513.913,524.112,3.9408e-08,8.22638e-06
524.112,534.412,1.17082e-07,1.41796e-05
534.412,544.811,7.73079e-08,1.1522e-05
544.811,555.309,1.53149e-07,1.62172e-05
555.309,565.908,3.79274e-08,8.07037e-06
565.908,576.605,1.12722e-07,1.3913e-05
576.605,587.403,7.44537e-08,1.13073e-05
587.403,598.3,1.10658e-07,1.3785e-05
598.3,609.298,1.82754e-07,1.77154e-05
609.298,620.395,1.44887e-07,1.57736e-05
620.395,631.592,1.07694e-07,1.35992e-05
631.592,642.889,7.11601e-08,1.10544e-05
642.889,654.287,1.05802e-07,1.34792e-05
654.287,665.784,1.3984e-07,1.54964e-05
665.784,677.383,6.93151e-08,1.09101e-05
677.383,689.081,6.87203e-08,1.08632e-05
689.081,700.88,1.02203e-07,1.32479e-05
700.88,712.779,3.37797e-08,7.61631e-06
712.779,724.779,1.67482e-07,1.6959e-05
724.779,736.88,1.32871e-07,1.51054e-05
736.88,749.082,4.28262e-07,2.71189e-05
749.082,761.384,5.55442e-07,3.08842e-05
761.384,773.788,1.16666e-06,4.47598e-05
773.788,786.292,2.18588e-06,6.12674e-05
786.292,798.898,4.20912e-06,8.50184e-05
798.898,811.605,7.52872e-06,0.000113704
811.605,824.413,1.40282e-05,0.000155209
824.413,837.322,2.36326e-05,0.000201453
837.322,850.334,3.98218e-05,0.000261504
850.334,863.446,6.7991e-05,0.000341698
863.446,876.661,0.000107529,0.000429714
876.661,889.977,0.000158053,0.000520976
889.977,903.395,0.000233152,0.000632756
903.395,916.915,0.000320585,0.000741974
916.915,930.537,0.00045808,0.000886926
930.537,944.261,0.000603453,0.00101798
944.261,958.088,0.000768796,0.00114901
958.088,972.017,0.000956147,0.00128138
972.017,986.048,0.00116158,0.00141235
986.048,1000.18,0.00138382,0.00154155
1000.18,1014.42,0.00159955,0.00165735
1014.42,1028.76,0.00180101,0.00175863
1028.76,1043.2,0.00201607,0.00186067
1043.2,1057.75,0.00220588,0.00194629
1057.75,1072.39,0.00238285,0.00202286
1072.39,1087.15,0.00256542,0.00209892
1087.15,1102,0.00270234,0.0021542
1102,1116.96,0.00283264,0.00220553
1116.96,1132.02,0.00295211,0.00225156
1132.02,1147.19,0.00307072,0.00229634
1147.19,1162.46,0.00317746,0.00233591
1162.46,1177.83,0.00324469,0.0023605
1177.83,1193.31,0.00332458,0.00238938
1193.31,1208.89,0.00338724,0.00241179
1208.89,1224.57,0.00343158,0.00242753
1224.57,1240.36,0.00345979,0.00243749
1240.36,1256.25,0.00347737,0.00244367
1256.25,1272.25,0.00350484,0.0024533
1272.25,1288.36,0.00343076,0.00242723
1288.36,1304.56,0.00344511,0.00243231
1304.56,1320.87,0.00341694,0.00242234
1320.87,1337.29,0.0033718,0.00240629
1337.29,1353.81,0.00330165,0.00238113
1353.81,1370.44,0.00325818,0.0023654
1370.44,1387.17,0.00316456,0.00233117
1387.17,1404.01,0.00309887,0.00230684
1404.01,1420.95,0.0029799,0.00226213
1420.95,1438,0.00291597,0.00223773
1438,1455.15,0.00280424,0.00219444
1455.15,1472.41,0.00272067,0.0021615
1472.41,1489.78,0.00258821,0.00210822
1489.78,1507.25,0.00244877,0.00205064
1507.25,1524.83,0.00233374,0.0020019
1524.83,1542.51,0.00221538,0.00195048
1542.51,1560.3,0.00207152,0.00188609
1560.3,1578.2,0.00192843,0.00181978
1578.2,1596.2,0.0017681,0.00174249
1596.2,1614.31,0.00162822,0.00167215
1614.31,1632.53,0.00147217,0.00159
1632.53,1650.85,0.00131683,0.00150377
1650.85,1669.28,0.00117905,0.00142293
1669.28,1687.82,0.00102698,0.001328
1687.82,1706.46,0.00088452,0.00123245
1706.46,1725.21,0.00076272,0.00114446
1725.21,1744.07,0.000639551,0.00104798
1744.07,1763.04,0.000537991,0.00096118
1763.04,1782.11,0.000433127,0.000862431
1782.11,1801.29,0.000346935,0.000771864
1801.29,1820.58,0.000272747,0.00068438
1820.58,1839.97,0.000210532,0.000601279
1839.97,1859.48,0.000153022,0.000512619
1859.48,1879.09,0.000114099,0.000442647
1879.09,1898.81,7.99025e-05,0.000370422
1898.81,1918.64,5.26669e-05,0.000300736
1918.64,1938.58,3.90538e-05,0.00025897
1938.58,1958.62,2.50462e-05,0.00020739
1958.62,1978.77,1.4161e-05,0.000155943
1978.77,1999.04,8.94706e-06,0.000123953
1999.04,2019.41,5.11071e-06,9.36823e-05
2019.41,2039.88,2.92453e-06,7.08671e-05
2039.88,2060.47,1.65954e-06,5.33839e-05
2060.47,2081.17,6.99164e-07,3.46503e-05
2081.17,2101.98,2.31834e-07,1.99529e-05
2101.98,2122.89,1.34531e-07,1.51995e-05
2122.89,2143.91,3.82378e-08,8.10333e-06
2143.91,2165.05,5.70602e-08,9.89882e-06
2165.05,2186.29,2.52619e-314,6.58643e-159
2186.29,2207.64,2.51324e-314,6.56953e-159
2207.64,2229.11,2.50042e-314,6.55275e-159
2229.11,2250.68,2.48772e-314,6.53608e-159
2250.68,2272.36,2.47513e-314,6.51952e-159
2272.36,2294.15,2.46266e-314,6.50308e-159
2294.15,2316.05,2.45031e-314,6.48675e-159
2316.05,2338.06,2.43807e-314,6.47053e-159
2338.06,2360.18,2.42594e-314,6.45442e-159
2360.18,2382.41,2.41393e-314,6.43842e-159
2382.41,2404.75,2.40202e-314,6.42252e-159
2404.75,2427.2,2.39023e-314,6.40673e-159
2427.2,2449.76,2.37854e-314,6.39105e-159
2449.76,2472.44,2.36696e-314,6.37547e-159
2472.44,2495.22,2.35548e-314,6.35999e-159
2495.22,2518.11,2.3441e-314,6.34462e-159
2518.11,2541.11,2.33283e-314,6.32934e-159
2541.11,2564.23,2.32166e-314,6.31417e-159
2564.23,2587.45,2.31059e-314,6.29909e-159
2587.45,2610.79,2.29961e-314,6.28411e-159
