87.6231,91.953,0.00694185,0.00345267
91.953,96.3845,0.00686046,0.00343237
96.3845,100.917,0.00668956,0.00338935
100.917,105.552,0.00722696,0.00352285
105.552,110.287,0.00686477,0.00343344
110.287,115.124,0.00721632,0.00352026
115.124,120.061,0.00726872,0.00353302
120.061,125.099,0.00713988,0.00350157
125.099,130.237,0.00703571,0.00347593
130.237,135.476,0.00713279,0.00349983
135.476,140.816,0.00692305,0.00344799
140.816,146.256,0.00704121,0.00347729
146.256,151.795,0.00703793,0.00347648
151.795,157.435,0.00703121,0.00347482
157.435,163.175,0.00689706,0.00344151
163.175,169.015,0.00695495,0.00345592
169.015,174.954,0.00691016,0.00344478
174.954,180.993,0.00684385,0.00342821
180.993,187.132,0.00679179,0.00341515
187.132,193.37,0.00672189,0.00339753
193.37,199.708,0.00680526,0.00341853
199.708,206.145,0.00679784,0.00341667
206.145,212.681,0.00681985,0.00342219
212.681,219.317,0.00671999,0.00339705
219.317,226.052,0.00655609,0.00335536
226.052,232.885,0.00672569,0.00339848
232.885,239.819,0.0064888,0.0033381
239.819,246.851,0.0065557,0.00335526
246.851,253.982,0.00641584,0.00331928
253.982,261.212,0.00645009,0.00332813
261.212,268.541,0.00627872,0.00328362
268.541,275.969,0.00626853,0.00328095
275.969,283.496,0.00625935,0.00327855
283.496,291.122,0.00614575,0.00324866
291.122,298.847,0.00616748,0.0032544
298.847,306.67,0.00606906,0.00322833
306.67,314.593,0.00594465,0.00319507
314.593,322.614,0.00600296,0.0032107
322.614,330.734,0.005945,0.00319516
330.734,338.953,0.0058019,0.00315647
338.953,347.271,0.0057593,0.00314486
347.271,355.687,0.00565141,0.00311527
355.687,364.203,0.00565242,0.00311554
364.203,372.817,0.00558416,0.00309668
372.817,381.53,0.00547986,0.00306762
381.53,390.342,0.00550344,0.00307421
390.342,399.253,0.00535727,0.00303311
399.253,408.264,0.0053025,0.00301757
408.264,417.373,0.0052184,0.00299354
417.373,426.58,0.00520569,0.0029899
426.58,435.887,0.00511667,0.00296422
435.887,445.293,0.00501936,0.0029359
445.293,454.799,0.00498857,0.00292688
454.799,464.403,0.00489192,0.00289839
464.403,474.106,0.00484325,0.00288393
474.106,483.909,0.00477309,0.00286297
483.909,493.811,0.00473084,0.00285027
493.811,503.812,0.00460055,0.00281075
503.812,513.913,0.00454854,0.00279481
513.913,524.112,0.00446789,0.00276993
524.112,534.412,0.00436093,0.00273657
534.412,544.811,0.00431592,0.00272241
544.811,555.309,0.00422477,0.00269351
555.309,565.908,0.00407059,0.0026439
565.908,576.605,0.00405559,0.00263903
576.605,587.403,0.00393591,0.0025998
587.403,598.3,0.00385847,0.00257409
598.3,609.298,0.00372966,0.00253076
609.298,620.395,0.00369063,0.00251749
620.395,631.592,0.00361999,0.00249328
631.592,642.889,0.00354782,0.0024683
642.889,654.287,0.00341584,0.00242195
654.287,665.784,0.00332796,0.00239059
665.784,677.383,0.00323564,0.0023572
677.383,689.081,0.00314738,0.00232483
689.081,700.88,0.00306064,0.00229257
700.88,712.779,0.00296279,0.00225563
712.779,724.779,0.0028662,0.00221855
724.779,736.88,0.00278353,0.00218633
736.88,749.082,0.00270059,0.00215351
749.082,761.384,0.00259061,0.0021092
761.384,773.788,0.00250485,0.002074
773.788,786.292,0.0024222,0.00203949
786.292,798.898,0.0023296,0.00200013
798.898,811.605,0.00225698,0.00196871
811.605,824.413,0.00215368,0.00192312
824.413,837.322,0.00206953,0.00188518
837.322,850.334,0.00197907,0.00184352
850.334,863.446,0.00189733,0.00180504
863.446,876.661,0.00179769,0.00175701
876.661,889.977,0.00172568,0.00172146
889.977,903.395,0.00164897,0.00168276
903.395,916.915,0.00156483,0.00163927
916.915,930.537,0.00149778,0.00160377
930.537,944.261,0.00140375,0.00155261
944.261,958.088,0.00135227,0.00152387
958.088,972.017,0.00127075,0.00147723
972.017,986.048,0.00122672,0.00145141
986.048,1000.18,0.00114616,0.00140294
1000.18,1014.42,0.0010986,0.00137353
1014.42,1028.76,0.00103979,0.00133626
1028.76,1043.2,0.000978725,0.00129642
1043.2,1057.75,0.000923889,0.00125958
1057.75,1072.39,0.000890615,0.00123669
1072.39,1087.15,0.000840434,0.00120135
1087.15,1102,0.000798236,0.0011708
1102,1116.96,0.000750003,0.00113488
1116.96,1132.02,0.000723802,0.00111488
1132.02,1147.19,0.000679725,0.0010804
1147.19,1162.46,0.000633392,0.00104293
1162.46,1177.83,0.000609523,0.00102308
1177.83,1193.31,0.000562675,0.000982983
1193.31,1208.89,0.000535431,0.00095889
1208.89,1224.57,0.000491865,0.000919051
1224.57,1240.36,0.000459613,0.00088841
1240.36,1256.25,0.00043077,0.000860081
1256.25,1272.25,0.000391109,0.000819532
1272.25,1288.36,0.00036099,0.000787344
1288.36,1304.56,0.00033617,0.000759795
1304.56,1320.87,0.000301904,0.000720032
1320.87,1337.29,0.000270846,0.00068199
1337.29,1353.81,0.000237426,0.00063853
1353.81,1370.44,0.000216413,0.00060962
1370.44,1387.17,0.000189073,0.000569812
1387.17,1404.01,0.000164393,0.000531323
1404.01,1420.95,0.000140077,0.000490457
1420.95,1438,0.000116729,0.00044772
1438,1455.15,0.000100212,0.000414836
1455.15,1472.41,8.29791e-05,0.000377486
1472.41,1489.78,6.68672e-05,0.000338863
1489.78,1507.25,5.34978e-05,0.000303099
1507.25,1524.83,4.07113e-05,0.000264408
1524.83,1542.51,3.19093e-05,0.000234086
1542.51,1560.3,2.40184e-05,0.00020309
1560.3,1578.2,1.61381e-05,0.000166473
1578.2,1596.2,1.20046e-05,0.000143579
1596.2,1614.31,8.05608e-06,0.000117619
1614.31,1632.53,5.45691e-06,9.68033e-05
1632.53,1650.85,3.29286e-06,7.51975e-05
1650.85,1669.28,1.71738e-06,5.43063e-05
1669.28,1687.82,1.36064e-06,4.8338e-05
1687.82,1706.46,6.89676e-07,3.44143e-05
1706.46,1725.21,3.95616e-07,2.60648e-05
1725.21,1744.07,2.09795e-07,1.89808e-05
1744.07,1763.04,5.21517e-08,9.46349e-06
1763.04,1782.11,2.59289e-08,6.67282e-06
1782.11,1801.29,2.57835e-08,6.65408e-06
1801.29,1820.58,3.42299e-314,7.6669e-159
1820.58,1839.97,3.40397e-314,7.64557e-159
1839.97,1859.48,3.38515e-314,7.6244e-159
1859.48,1879.09,3.36651e-314,7.60338e-159
1879.09,1898.81,3.34806e-314,7.58252e-159
1898.81,1918.64,3.3298e-314,7.56181e-159
1918.64,1938.58,3.31171e-314,7.54125e-159
1938.58,1958.62,3.29381e-314,7.52084e-159
1958.62,1978.77,3.27609e-314,7.50058e-159
1978.77,1999.04,3.25854e-314,7.48046e-159
1999.04,2019.41,3.24116e-314,7.46049e-159
2019.41,2039.88,3.22395e-314,7.44066e-159
2039.88,2060.47,3.20691e-314,7.42097e-159
2060.47,2081.17,3.19004e-314,7.40142e-159
2081.17,2101.98,3.17333e-314,7.382e-159
2101.98,2122.89,3.15677e-314,7.36273e-159
2122.89,2143.91,3.14038e-314,7.34358e-159
2143.91,2165.05,3.12414e-314,7.32457e-159
2165.05,2186.29,3.10806e-314,7.3057e-159
2186.29,2207.64,3.09213e-314,7.28695e-159
2207.64,2229.11,3.07635e-314,7.26834e-159
2229.11,2250.68,3.06072e-314,7.24985e-159
2250.68,2272.36,3.04524e-314,7.23148e-159
2272.36,2294.15,3.0299e-314,7.21325e-159
2294.15,2316.05,3.0147e-314,7.19513e-159
2316.05,2338.06,2.99964e-314,7.17714e-159
2338.06,2360.18,2.98472e-314,7.15927e-159
2360.18,2382.41,2.96994e-314,7.14152e-159
2382.41,2404.75,2.95529e-314,7.12389e-159
2404.75,2427.2,2.94078e-314,7.10638e-159
2427.2,2449.76,2.9264e-314,7.08898e-159
2449.76,2472.44,2.91215e-314,7.0717e-159
2472.44,2495.22,2.89803e-314,7.05453e-159
2495.22,2518.11,2.88403e-314,7.03748e-159
2518.11,2541.11,2.87016e-314,7.02053e-159
2541.11,2564.23,2.85642e-314,7.0037e-159
2564.23,2587.45,2.84279e-314,6.98698e-159
2587.45,2610.79,2.82929e-314,6.97037e-159
