87.6231,91.953,0.00614301,0.00324794
91.953,96.3845,0.00461013,0.00281367
96.3845,100.917,0.00344606,0.00243264
100.917,105.552,0.00312026,0.00231479
105.552,110.287,0.00206609,0.00188361
110.287,115.124,0.00221495,0.00195029
115.124,120.061,0.0018204,0.00176807
120.061,125.099,0.00138902,0.00154444
125.099,130.237,0.0012392,0.00145877
130.237,135.476,0.000968546,0.00128966
135.476,140.816,0.000658406,0.00106332
140.816,146.256,0.000597497,0.00101294
146.256,151.795,0.000466963,0.000895484
151.795,157.435,0.000435158,0.000864451
157.435,163.175,0.000248459,0.000653197
163.175,169.015,0.000244211,0.000647589
169.015,174.954,0.000217774,0.000611533
174.954,180.993,0.000186721,0.000566256
180.993,187.132,0.000129664,0.000471875
187.132,193.37,0.000122279,0.000458241
193.37,199.708,0.000167458,0.000536254
199.708,206.145,0.000139112,0.000488763
206.145,212.681,0.00010148,0.000417452
212.681,219.317,9.49638e-05,0.000403828
219.317,226.052,0.000108338,0.000431328
226.052,232.885,5.82362e-05,0.000316238
232.885,239.819,6.69711e-05,0.000339126
239.819,246.851,7.07439e-05,0.000348547
246.851,253.982,9.30153e-05,0.000399663
253.982,261.212,5.0458e-05,0.000294362
261.212,268.541,5.8827e-05,0.000317838
268.541,275.969,3.12542e-05,0.000231671
275.969,283.496,4.84683e-05,0.0002885
283.496,291.122,3.47926e-05,0.000244433
291.122,298.847,2.1467e-05,0.000192001
298.847,306.67,3.81524e-05,0.000255963
306.67,314.593,2.09313e-05,0.00018959
314.593,322.614,4.13467e-05,0.000266463
322.614,330.734,2.85904e-05,0.000221578
330.734,338.953,2.82466e-05,0.000220242
338.953,347.271,7.97456e-06,0.000117023
347.271,355.687,1.97022e-05,0.000183939
355.687,364.203,4.67365e-05,0.000283299
364.203,372.817,2.695e-05,0.000215128
372.817,381.53,1.1419e-05,0.000140033
381.53,390.342,4.51632e-05,0.00027849
390.342,399.253,2.60527e-05,0.000211516
399.253,408.264,1.84047e-05,0.000177779
408.264,417.373,2.91276e-05,0.00022365
417.373,426.58,7.20362e-06,0.000111222
426.58,435.887,1.78174e-05,0.00017492
435.887,445.293,7.05192e-06,0.000110045
445.293,454.799,2.09352e-05,0.000189608
454.799,464.403,2.07191e-05,0.000188626
464.403,474.106,2.73432e-05,0.000216691
474.106,483.909,2.02998e-05,0.000186708
483.909,493.811,3.34939e-05,0.000239828
493.811,503.812,4.31097e-05,0.000272085
503.812,513.913,2.95516e-05,0.000225272
513.913,524.112,2.27606e-05,0.000197701
524.112,534.412,3.54213e-05,0.000246632
534.412,544.811,1.91358e-05,0.000181276
544.811,555.309,2.84315e-05,0.000220961
555.309,565.908,4.3811e-05,0.000274289
565.908,576.605,2.17014e-05,0.000193046
576.605,587.403,3.07155e-05,0.000229666
587.403,598.3,4.86947e-05,0.000289173
598.3,609.298,2.41262e-05,0.000203545
609.298,620.395,4.18406e-05,0.00026805
620.395,631.592,3.25811e-05,0.000236537
631.592,642.889,3.22924e-05,0.000235487
642.889,654.287,2.90988e-05,0.00022354
654.287,665.784,3.17296e-05,0.000233426
665.784,677.383,5.43317e-05,0.000305452
677.383,689.081,5.67004e-05,0.00031204
689.081,700.88,6.18394e-05,0.000325874
700.88,712.779,5.57426e-05,0.000309393
712.779,724.779,6.90939e-05,0.000344459
724.779,736.88,4.93336e-05,0.000291064
736.88,749.082,4.34898e-05,0.000273282
749.082,761.384,4.85249e-05,0.000288668
761.384,773.788,5.61515e-05,0.000310526
773.788,786.292,5.835e-05,0.000316546
786.292,798.898,6.05128e-05,0.000322359
798.898,811.605,7.04708e-05,0.000347874
811.605,824.413,0.000103575,0.00042174
824.413,837.322,6.1657e-05,0.000325393
837.322,850.334,8.4117e-05,0.000380066
850.334,863.446,9.35822e-05,0.000400879
863.446,876.661,8.03131e-05,0.000371373
876.661,889.977,9.9624e-05,0.000413618
889.977,903.395,8.89808e-05,0.0003909
903.395,916.915,9.81218e-05,0.000410487
916.915,930.537,0.00010469,0.000424005
930.537,944.261,9.90781e-05,0.000412483
944.261,958.088,0.000112737,0.000439998
958.088,972.017,0.000104765,0.000424156
972.017,986.048,0.000113455,0.000441396
986.048,1000.18,0.000112632,0.000439792
1000.18,1014.42,0.000142104,0.000493992
1014.42,1028.76,0.000145711,0.000500222
1028.76,1043.2,0.000151562,0.000510167
1043.2,1057.75,0.000123127,0.000459827
1057.75,1072.39,0.000176599,0.000550695
1072.39,1087.15,0.000150633,0.000508601
1087.15,1102,0.000149585,0.000506829
1102,1116.96,0.000186244,0.000565533
1116.96,1132.02,0.000154137,0.000514481
1132.02,1147.19,0.000166205,0.000534243
1147.19,1162.46,0.000193313,0.000576165
1162.46,1177.83,0.000192007,0.000574217
1177.83,1193.31,0.000231433,0.000630419
1193.31,1208.89,0.000212859,0.000604593
1208.89,1224.57,0.000266422,0.000676397
1224.57,1240.36,0.000273065,0.000684778
1240.36,1256.25,0.000248318,0.000653012
1256.25,1272.25,0.000225966,0.000622929
1272.25,1288.36,0.000263632,0.000672846
1288.36,1304.56,0.000243512,0.000646662
1304.56,1320.87,0.000323275,0.000745081
1320.87,1337.29,0.000339392,0.000763427
1337.29,1353.81,0.000333221,0.000756454
1353.81,1370.44,0.000309173,0.000728648
1370.44,1387.17,0.000348854,0.000773996
1387.17,1404.01,0.000305308,0.000724079
1404.01,1420.95,0.000360175,0.000786455
1420.95,1438,0.000410471,0.000839572
1438,1455.15,0.000388609,0.000816909
1455.15,1472.41,0.00043811,0.000867378
1472.41,1489.78,0.000416342,0.000845555
1489.78,1507.25,0.000370158,0.000797279
1507.25,1524.83,0.000496226,0.000923117
1524.83,1542.51,0.000461365,0.000890101
1542.51,1560.3,0.000473523,0.000901753
1560.3,1578.2,0.000528158,0.000952355
1578.2,1596.2,0.000547141,0.000969319
1596.2,1614.31,0.000540259,0.000963203
1614.31,1632.53,0.000527992,0.000952205
1632.53,1650.85,0.000586457,0.00100354
1650.85,1669.28,0.000667635,0.00107075
1669.28,1687.82,0.000635155,0.00104438
1687.82,1706.46,0.000713337,0.00110679
1706.46,1725.21,0.000650891,0.00105723
1725.21,1744.07,0.000638395,0.00104704
1744.07,1763.04,0.000830636,0.00119432
1763.04,1782.11,0.00077205,0.00115144
1782.11,1801.29,0.000781553,0.0011585
1801.29,1820.58,0.000815018,0.00118304
1820.58,1839.97,0.000779711,0.00115713
1839.97,1859.48,0.000957345,0.00128219
1859.48,1879.09,0.00085061,0.0012086
1879.09,1898.81,0.000978811,0.00129648
1898.81,1918.64,0.000973472,0.00129294
1918.64,1938.58,0.0010863,0.00136581
1938.58,1958.62,0.000971224,0.00129145
1958.62,1978.77,0.00107955,0.00136156
1978.77,1999.04,0.00107213,0.00135688
1999.04,2019.41,0.00122759,0.00145192
2019.41,2039.88,0.00119516,0.00143262
2039.88,2060.47,0.00115502,0.00140835
2060.47,2081.17,0.00120663,0.00143947
2081.17,2101.98,0.00144419,0.00157482
2101.98,2122.89,0.00129553,0.00149156
2122.89,2143.91,0.00151123,0.00161095
2143.91,2165.05,0.00149714,0.00160342
2165.05,2186.29,0.00170176,0.00170949
2186.29,2207.64,0.00181885,0.00176732
2207.64,2229.11,0.00208,0.00188994
2229.11,2250.68,0.00227853,0.00197808
2250.68,2272.36,0.00246433,0.00205715
2272.36,2294.15,0.00263303,0.0021264
2294.15,2316.05,0.00276823,0.00218031
2316.05,2338.06,0.00298947,0.00226576
2338.06,2360.18,0.00305256,0.00228954
2360.18,2382.41,0.00299567,0.00226811
2382.41,2404.75,0.0030284,0.00228047
2404.75,2427.2,0.00282149,0.00220118
2427.2,2449.76,0.00257396,0.00210241
2449.76,2472.44,0.00235371,0.00201045
2472.44,2495.22,0.00203804,0.00187078
2495.22,2518.11,0.00156896,0.00164143
2518.11,2541.11,0.00130911,0.00149935
2541.11,2564.23,0.00109048,0.00136844
2564.23,2587.45,0.000783972,0.00116029
2587.45,2610.79,0.000542905,0.000965559
