87.6231,91.953,0.0045246,0.00278745
91.953,96.3845,0.00349134,0.00244857
96.3845,100.917,0.002438,0.00204613
100.917,105.552,0.00217876,0.00193429
105.552,110.287,0.00169022,0.00170368
110.287,115.124,0.00150951,0.00161003
115.124,120.061,0.00131927,0.00150516
120.061,125.099,0.00109348,0.00137032
125.099,130.237,0.000762504,0.0011443
130.237,135.476,0.000636018,0.00104509
135.476,140.816,0.000479807,0.000907717
140.816,146.256,0.000384775,0.000812869
146.256,151.795,0.000296211,0.00071321
151.795,157.435,0.00025236,0.000658306
157.435,163.175,0.000210042,0.000600579
163.175,169.015,0.000183512,0.00056137
169.015,174.954,0.000138141,0.000487056
174.954,180.993,0.000138634,0.000487924
180.993,187.132,0.000109108,0.000432858
187.132,193.37,9.12623e-05,0.000395879
193.37,199.708,0.000108325,0.000431301
199.708,206.145,7.80383e-05,0.000366076
206.145,212.681,7.94143e-05,0.000369289
212.681,219.317,6.30858e-05,0.000329142
219.317,226.052,3.48077e-05,0.000244486
226.052,232.885,5.39042e-05,0.000304248
232.885,239.819,4.58881e-05,0.000280716
239.819,246.851,3.57171e-05,0.00024766
246.851,253.982,4.46134e-05,0.00027679
253.982,261.212,3.0107e-05,0.000227379
261.212,268.541,1.59926e-05,0.00016572
268.541,275.969,2.47965e-05,0.000206354
275.969,283.496,2.00214e-05,0.000185423
283.496,291.122,2.41533e-05,0.00020366
291.122,298.847,3.46824e-05,0.000244046
298.847,306.67,2.35428e-05,0.00020107
306.67,314.593,1.47949e-05,0.000159394
314.593,322.614,1.46126e-05,0.000158409
322.614,330.734,1.23726e-05,0.000145763
330.734,338.953,2.44476e-05,0.000204897
338.953,347.271,3.22095e-05,0.000235184
347.271,355.687,1.98945e-05,0.000184835
355.687,364.203,1.37645e-05,0.000153744
364.203,372.817,2.7213e-05,0.000216175
372.817,381.53,1.34521e-05,0.000151989
381.53,390.342,1.71014e-05,0.000171369
390.342,399.253,1.87907e-05,0.000179634
399.253,408.264,2.41596e-05,0.000203686
408.264,417.373,2.20589e-05,0.00019463
417.373,426.58,1.09109e-05,0.000136882
426.58,435.887,2.51878e-05,0.000207976
435.887,445.293,1.78018e-05,0.000174844
445.293,454.799,8.80813e-06,0.000122987
454.799,464.403,2.26648e-05,0.000197284
464.403,474.106,1.89819e-05,0.000180545
474.106,483.909,2.90387e-05,0.000223309
483.909,493.811,2.53655e-05,0.000208708
493.811,503.812,2.34394e-05,0.000200627
503.812,513.913,2.48667e-05,0.000206645
513.913,524.112,2.79076e-05,0.000218916
524.112,534.412,2.60123e-05,0.000211352
534.412,544.811,2.41532e-05,0.000203659
544.811,555.309,2.39241e-05,0.000202691
555.309,565.908,1.10596e-05,0.000137812
565.908,576.605,2.34783e-05,0.000200794
576.605,587.403,2.32615e-05,0.000199864
587.403,598.3,4.14871e-05,0.000266915
598.3,609.298,3.34973e-05,0.00023984
609.298,620.395,3.16867e-05,0.000233268
620.395,631.592,4.18715e-05,0.000268149
631.592,642.889,3.40897e-05,0.000241952
642.889,654.287,4.11358e-05,0.000265783
654.287,665.784,2.91266e-05,0.000223646
665.784,677.383,4.18682e-05,0.000268139
677.383,689.081,4.43716e-05,0.000276038
689.081,700.88,4.39938e-05,0.000274861
700.88,712.779,5.34722e-05,0.000303027
712.779,724.779,5.58145e-05,0.000309593
724.779,736.88,5.39662e-05,0.000304423
736.88,749.082,4.39142e-05,0.000274612
749.082,761.384,5.58037e-05,0.000309562
761.384,773.788,6.07494e-05,0.000322989
773.788,786.292,5.89194e-05,0.000318087
786.292,798.898,6.24316e-05,0.00032743
798.898,811.605,7.51117e-05,0.000359146
811.605,824.413,8.10542e-05,0.000373082
824.413,837.322,6.74469e-05,0.000340328
837.322,850.334,7.07815e-05,0.00034864
850.334,863.446,6.64022e-05,0.000337682
863.446,876.661,6.08226e-05,0.000323184
876.661,889.977,9.55664e-05,0.000405107
889.977,903.395,9.98323e-05,0.00041405
903.395,916.915,8.05019e-05,0.000371809
916.915,930.537,8.48155e-05,0.000381641
930.537,944.261,0.000101265,0.00041701
944.261,958.088,0.000118681,0.000451449
958.088,972.017,0.000108192,0.000431037
972.017,986.048,0.000133656,0.000479083
986.048,1000.18,0.000129132,0.000470905
1000.18,1014.42,0.000123496,0.000460514
1014.42,1028.76,0.000135455,0.000482298
1028.76,1043.2,0.000136809,0.000484702
1043.2,1057.75,0.000156562,0.000518514
1057.75,1072.39,0.000138314,0.00048736
1072.39,1087.15,0.000174805,0.00054789
1087.15,1102,0.000156681,0.000518711
1102,1116.96,0.000144404,0.000497974
1116.96,1132.02,0.000165646,0.000533344
1132.02,1147.19,0.000178868,0.000554221
1147.19,1162.46,0.000209455,0.000599739
1162.46,1177.83,0.000179721,0.000555541
1177.83,1193.31,0.000206644,0.000595701
1193.31,1208.89,0.00023643,0.000637189
1208.89,1224.57,0.000266886,0.000676987
1224.57,1240.36,0.000216342,0.000609519
1240.36,1256.25,0.000270759,0.00068188
1256.25,1272.25,0.000245964,0.00064991
1272.25,1288.36,0.000283882,0.00069821
1288.36,1304.56,0.000290314,0.000706075
1304.56,1320.87,0.000313085,0.000733244
1320.87,1337.29,0.000302926,0.000721248
1337.29,1353.81,0.000315189,0.000735703
1353.81,1370.44,0.000322261,0.00074391
1370.44,1387.17,0.000326239,0.000748488
1387.17,1404.01,0.000325193,0.000747287
1404.01,1420.95,0.000303404,0.000721818
1420.95,1438,0.000249471,0.000654526
1438,1455.15,0.000263553,0.000672746
1455.15,1472.41,0.000221193,0.000616314
1472.41,1489.78,0.000154277,0.000514716
1489.78,1507.25,0.000140882,0.000491864
1507.25,1524.83,0.000108597,0.000431842
1524.83,1542.51,6.34412e-05,0.000330067
1542.51,1560.3,5.27088e-05,0.000300856
1560.3,1578.2,2.71334e-05,0.000215858
1578.2,1596.2,2.51127e-05,0.000207665
1596.2,1614.31,1.38694e-05,0.000154328
1614.31,1632.53,8.27293e-06,0.000119192
1632.53,1650.85,3.65543e-06,7.92293e-05
1650.85,1669.28,3.63423e-06,7.89993e-05
1669.28,1687.82,1.80663e-06,5.56995e-05
1687.82,1706.46,1.19904e-312,4.53768e-158
1706.46,1725.21,1.19218e-312,4.52469e-158
1725.21,1744.07,1.1854e-312,4.5118e-158
1744.07,1763.04,1.17869e-312,4.49901e-158
1763.04,1782.11,1.17205e-312,4.48631e-158
1782.11,1801.29,1.16547e-312,4.47372e-158
1801.29,1820.58,1.15897e-312,4.46121e-158
1820.58,1839.97,1.15253e-312,4.4488e-158
1839.97,1859.48,1.14615e-312,4.43648e-158
1859.48,1879.09,1.13984e-312,4.42425e-158
1879.09,1898.81,1.1336e-312,4.41211e-158
1898.81,1918.64,1.12741e-312,4.40006e-158
1918.64,1938.58,1.12129e-312,4.3881e-158
1938.58,1958.62,1.11523e-312,4.37622e-158
1958.62,1978.77,1.10923e-312,4.36443e-158
1978.77,1999.04,1.10329e-312,4.35272e-158
1999.04,2019.41,1.0974e-312,4.3411e-158
2019.41,2039.88,1.09158e-312,4.32956e-158
2039.88,2060.47,1.08581e-312,4.31811e-158
2060.47,2081.17,1.08009e-312,4.30673e-158
2081.17,2101.98,1.07443e-312,4.29543e-158
2101.98,2122.89,1.06883e-312,4.28422e-158
2122.89,2143.91,1.06328e-312,4.27308e-158
2143.91,2165.05,1.05778e-312,4.26202e-158
2165.05,2186.29,1.05234e-312,4.25103e-158
2186.29,2207.64,1.04695e-312,4.24013e-158
2207.64,2229.11,1.0416e-312,4.22929e-158
2229.11,2250.68,1.03631e-312,4.21854e-158
2250.68,2272.36,1.03107e-312,4.20785e-158
2272.36,2294.15,1.02587e-312,4.19724e-158
2294.15,2316.05,1.02073e-312,4.1867e-158
2316.05,2338.06,1.01563e-312,4.17623e-158
2338.06,2360.18,1.01058e-312,4.16583e-158
2360.18,2382.41,1.00557e-312,4.1555e-158
2382.41,2404.75,1.00061e-312,4.14524e-158
2404.75,2427.2,9.957e-313,4.13505e-158
2427.2,2449.76,9.90831e-313,4.12493e-158
2449.76,2472.44,9.86005e-313,4.11487e-158
2472.44,2495.22,9.81224e-313,4.10489e-158
2495.22,2518.11,9.76486e-313,4.09496e-158
2518.11,2541.11,9.7179e-313,4.0851e-158
2541.11,2564.23,9.67136e-313,4.07531e-158
2564.23,2587.45,9.62523e-313,4.06558e-158
2587.45,2610.79,9.57951e-313,4.05591e-158
