87.6231,91.953,0.0048795,0.00289471
91.953,96.3845,0.00371695,0.00252645
96.3845,100.917,0.00292639,0.00224173
100.917,105.552,0.00223212,0.00195783
105.552,110.287,0.00192008,0.00181584
110.287,115.124,0.00155757,0.00163547
115.124,120.061,0.00140565,0.00155366
120.061,125.099,0.0011683,0.00141643
125.099,130.237,0.000987288,0.00130208
130.237,135.476,0.000775521,0.00115402
135.476,140.816,0.000612869,0.00102589
140.816,146.256,0.000492564,0.000919704
146.256,151.795,0.00034887,0.000774013
151.795,157.435,0.000253117,0.000659292
157.435,163.175,0.000214273,0.000606598
163.175,169.015,0.000218131,0.000612034
169.015,174.954,0.000144211,0.000497641
174.954,180.993,0.000160014,0.000524199
180.993,187.132,0.000100175,0.00041476
187.132,193.37,8.44947e-05,0.000380918
193.37,199.708,7.62381e-05,0.000361829
199.708,206.145,8.87086e-05,0.000390301
206.145,212.681,9.07207e-05,0.000394703
212.681,219.317,7.94344e-05,0.000369336
219.317,226.052,9.13084e-05,0.000395979
226.052,232.885,5.46329e-05,0.000306298
232.885,239.819,4.43486e-05,0.000275967
239.819,246.851,2.81082e-05,0.000219702
246.851,253.982,3.38774e-05,0.000241197
253.982,261.212,6.98647e-05,0.000346374
261.212,268.541,3.29624e-05,0.000237917
268.541,275.969,4.73067e-05,0.000285022
275.969,283.496,2.33425e-05,0.000200212
283.496,291.122,2.01599e-05,0.000186063
291.122,298.847,2.27449e-05,0.000197633
298.847,306.67,2.52647e-05,0.000208293
306.67,314.593,1.6633e-05,0.000169006
314.593,322.614,3.28561e-05,0.000237533
322.614,330.734,1.35234e-05,0.000152391
330.734,338.953,8.01646e-06,0.00011733
338.953,347.271,1.05616e-05,0.000134673
347.271,355.687,1.82657e-05,0.000177107
355.687,364.203,2.06328e-05,0.000188233
364.203,372.817,3.40369e-312,7.64526e-158
372.817,381.53,2.01645e-05,0.000186085
381.53,390.342,1.49537e-05,0.000160247
390.342,399.253,2.46461e-05,0.000205727
399.253,408.264,1.46253e-05,0.000158478
408.264,417.373,2.16996e-05,0.000193038
417.373,426.58,1.19257e-05,0.000143106
426.58,435.887,1.65184e-05,0.000168423
435.887,445.293,1.86793e-05,0.000179101
445.293,454.799,2.54163e-05,0.000208917
454.799,464.403,2.97274e-05,0.000225941
464.403,474.106,2.03702e-05,0.000187031
474.106,483.909,1.34427e-05,0.000151936
483.909,493.811,1.33079e-05,0.000151172
493.811,503.812,2.63516e-05,0.000212726
503.812,513.913,1.73949e-05,0.000172834
513.913,524.112,2.58381e-05,0.000210643
524.112,534.412,3.41181e-05,0.000242052
534.412,544.811,3.16796e-05,0.000233242
544.811,555.309,1.88275e-05,0.00017981
555.309,565.908,2.07228e-05,0.000188643
565.908,576.605,2.66886e-05,0.000214082
576.605,587.403,1.6272e-05,0.000167162
587.403,598.3,3.22459e-05,0.000235318
598.3,609.298,2.9956e-05,0.000226808
609.298,620.395,1.97908e-05,0.000184352
620.395,631.592,2.74596e-05,0.000217152
631.592,642.889,3.11044e-05,0.000231115
642.889,654.287,4.81735e-05,0.000287621
654.287,665.784,4.58433e-05,0.000280579
665.784,677.383,4.54468e-05,0.000279363
677.383,689.081,4.31795e-05,0.000272305
689.081,700.88,4.65346e-05,0.000282686
700.88,712.779,4.7987e-05,0.000287064
712.779,724.779,4.94148e-05,0.000291303
724.779,736.88,3.62989e-05,0.000249668
736.88,749.082,4.67987e-05,0.000283488
749.082,761.384,6.24817e-05,0.000327562
761.384,773.788,5.31198e-05,0.000302027
773.788,786.292,4.91778e-05,0.000290604
786.292,798.898,5.05255e-05,0.000294559
798.898,811.605,6.22216e-05,0.000326879
811.605,824.413,8.23058e-05,0.000375952
824.413,837.322,8.16593e-05,0.000374472
837.322,850.334,8.60861e-05,0.000384489
850.334,863.446,6.86702e-05,0.000343401
863.446,876.661,6.64798e-05,0.000337879
876.661,889.977,7.09195e-05,0.000348979
889.977,903.395,9.98428e-05,0.000414072
903.395,916.915,9.74653e-05,0.000409112
916.915,930.537,8.70614e-05,0.00038666
930.537,944.261,8.80135e-05,0.000388769
944.261,958.088,0.000103247,0.00042107
958.088,972.017,0.000108795,0.000432236
972.017,986.048,0.000120522,0.000454936
986.048,1000.18,0.000113432,0.000441351
1000.18,1014.42,0.000124955,0.000463227
1014.42,1028.76,0.000131717,0.000475596
1028.76,1043.2,0.0001323,0.000476646
1043.2,1057.75,0.000173641,0.000546063
1057.75,1072.39,0.000145431,0.000499742
1072.39,1087.15,0.000168235,0.000537496
1087.15,1102,0.000141932,0.000493692
1102,1116.96,0.00017472,0.000547757
1116.96,1132.02,0.000240594,0.000642775
1132.02,1147.19,0.000173782,0.000546285
1147.19,1162.46,0.00018267,0.000560081
1162.46,1177.83,0.000184294,0.000562564
1177.83,1193.31,0.000215694,0.000608606
1193.31,1208.89,0.000218483,0.000612527
1208.89,1224.57,0.00019883,0.000584329
1224.57,1240.36,0.000191953,0.000574135
1240.36,1256.25,0.000240439,0.000642568
1256.25,1272.25,0.00025397,0.000660401
1272.25,1288.36,0.000235954,0.000636547
1288.36,1304.56,0.000246626,0.000650783
1304.56,1320.87,0.000266584,0.000676603
1320.87,1337.29,0.00027157,0.000682901
1337.29,1353.81,0.00027649,0.00068906
1353.81,1370.44,0.000298519,0.000715983
1370.44,1387.17,0.000295329,0.000712148
1387.17,1404.01,0.000290873,0.000706755
1404.01,1420.95,0.000329248,0.000751931
1420.95,1438,0.000304022,0.000722552
1438,1455.15,0.000311112,0.000730929
1455.15,1472.41,0.0003372,0.000760958
1472.41,1489.78,0.000347792,0.000772817
1489.78,1507.25,0.000368309,0.000795286
1507.25,1524.83,0.000399822,0.000828611
1524.83,1542.51,0.000409842,0.000838929
1542.51,1560.3,0.000409863,0.000838951
1560.3,1578.2,0.000449152,0.000878241
1578.2,1596.2,0.000444056,0.000873244
1596.2,1614.31,0.000469336,0.000897757
1614.31,1632.53,0.000491906,0.00091909
1632.53,1650.85,0.00048904,0.000916408
1650.85,1669.28,0.000469521,0.000897934
1669.28,1687.82,0.000446669,0.00087581
1687.82,1706.46,0.000525385,0.000949852
1706.46,1725.21,0.000497786,0.000924567
1725.21,1744.07,0.000462345,0.000891046
1744.07,1763.04,0.000423829,0.000853125
1763.04,1782.11,0.000409926,0.000839015
1782.11,1801.29,0.000421367,0.000850643
1801.29,1820.58,0.000407629,0.00083666
1820.58,1839.97,0.000430274,0.000859587
1839.97,1859.48,0.000431273,0.000860583
1859.48,1879.09,0.000394183,0.000822746
1879.09,1898.81,0.000407615,0.000836646
1898.81,1918.64,0.000403176,0.000832078
1918.64,1938.58,0.000459372,0.000888176
1938.58,1958.62,0.000488663,0.000916055
1958.62,1978.77,0.000526354,0.000950728
1978.77,1999.04,0.000553885,0.000975274
1999.04,2019.41,0.000512118,0.000937782
2019.41,2039.88,0.000522268,0.00094703
2039.88,2060.47,0.000524841,0.00094936
2060.47,2081.17,0.000506162,0.000932313
2081.17,2101.98,0.000463399,0.000892061
2101.98,2122.89,0.00043788,0.00086715
2122.89,2143.91,0.000436651,0.000865932
2143.91,2165.05,0.000417766,0.000847
2165.05,2186.29,0.000414581,0.000843766
2186.29,2207.64,0.000377485,0.000805132
2207.64,2229.11,0.000338719,0.00076267
2229.11,2250.68,0.000284056,0.000698423
2250.68,2272.36,0.000283632,0.000697902
2272.36,2294.15,0.000253983,0.000660418
2294.15,2316.05,0.000242681,0.000645557
2316.05,2338.06,0.000183596,0.000561498
2338.06,2360.18,0.000158855,0.000522296
2360.18,2382.41,0.000145225,0.000499387
2382.41,2404.75,0.000140576,0.00049133
2404.75,2427.2,9.78224e-05,0.000409861
2427.2,2449.76,9.24769e-05,0.000398505
2449.76,2472.44,9.29952e-05,0.00039962
2472.44,2495.22,6.45882e-05,0.000333038
2495.22,2518.11,4.02926e-05,0.000263045
2518.11,2541.11,4.96462e-05,0.000291985
2541.11,2564.23,4.56077e-05,0.000279857
2564.23,2587.45,5.01184e-05,0.00029337
2587.45,2610.79,3.85867e-05,0.000257416
