87.6231,91.953,0.00909844,0.00395276
91.953,96.3845,0.00898718,0.00392852
96.3845,100.917,0.00887515,0.00390396
100.917,105.552,0.00956297,0.00405241
105.552,110.287,0.00919563,0.00397382
110.287,115.124,0.00940249,0.00401826
115.124,120.061,0.0095171,0.00404268
120.061,125.099,0.00944464,0.00402726
125.099,130.237,0.00943034,0.00402421
130.237,135.476,0.00953169,0.00404578
135.476,140.816,0.00922128,0.00397935
140.816,146.256,0.00947471,0.00403366
146.256,151.795,0.00953511,0.0040465
151.795,157.435,0.00951508,0.00404225
157.435,163.175,0.00945953,0.00403043
163.175,169.015,0.00951992,0.00404328
169.015,174.954,0.0095229,0.00404391
174.954,180.993,0.00945674,0.00402984
180.993,187.132,0.00942061,0.00402213
187.132,193.37,0.00937297,0.00401195
193.37,199.708,0.009467,0.00403202
199.708,206.145,0.00961372,0.00406315
206.145,212.681,0.00959251,0.00405866
212.681,219.317,0.00949624,0.00403825
219.317,226.052,0.00935391,0.00400787
226.052,232.885,0.00951537,0.00404231
232.885,239.819,0.00928501,0.00399308
239.819,246.851,0.00950632,0.00404039
246.851,253.982,0.00922671,0.00398053
253.982,261.212,0.00929727,0.00399572
261.212,268.541,0.0090405,0.00394015
268.541,275.969,0.00905772,0.0039439
275.969,283.496,0.00907962,0.00394867
283.496,291.122,0.00881016,0.00388963
291.122,298.847,0.0089411,0.00391843
298.847,306.67,0.00891453,0.00391261
306.67,314.593,0.00869819,0.00386484
314.593,322.614,0.00870852,0.00386713
322.614,330.734,0.00863129,0.00384995
330.734,338.953,0.00852014,0.00382508
338.953,347.271,0.00838519,0.00379467
347.271,355.687,0.00815905,0.00374314
355.687,364.203,0.00810983,0.00373184
364.203,372.817,0.00796029,0.00369727
372.817,381.53,0.00791852,0.00368756
381.53,390.342,0.00772362,0.0036419
390.342,399.253,0.00747135,0.00358192
399.253,408.264,0.00736338,0.00355595
408.264,417.373,0.00706374,0.00348285
417.373,426.58,0.00697019,0.0034597
426.58,435.887,0.00681217,0.00342026
435.887,445.293,0.00656921,0.00335872
445.293,454.799,0.00641572,0.00331925
454.799,464.403,0.00621044,0.00326571
464.403,474.106,0.00599771,0.0032093
474.106,483.909,0.0056959,0.00312751
483.909,493.811,0.00548672,0.00306954
493.811,503.812,0.0052212,0.00299435
503.812,513.913,0.00498483,0.00292578
513.913,524.112,0.00474495,0.00285452
524.112,534.412,0.00440108,0.00274914
534.412,544.811,0.0042041,0.00268691
544.811,555.309,0.0038378,0.00256719
555.309,565.908,0.00352919,0.00246181
565.908,576.605,0.00333087,0.00239164
576.605,587.403,0.00294122,0.0022474
587.403,598.3,0.0026742,0.00214296
598.3,609.298,0.00235253,0.00200995
609.298,620.395,0.00206636,0.00188374
620.395,631.592,0.00178652,0.00175154
631.592,642.889,0.00154057,0.00162651
642.889,654.287,0.00128325,0.00148448
654.287,665.784,0.00104595,0.00134021
665.784,677.383,0.000865351,0.00121903
677.383,689.081,0.000659888,0.00106452
689.081,700.88,0.000502173,0.000928632
700.88,712.779,0.00038638,0.000814563
712.779,724.779,0.000281,0.000694657
724.779,736.88,0.000200309,0.000586499
736.88,749.082,0.000124778,0.000462899
749.082,761.384,8.62266e-05,0.000384802
761.384,773.788,5.69426e-05,0.000312705
773.788,786.292,3.07686e-05,0.000229864
786.292,798.898,1.54789e-05,0.000163037
798.898,811.605,1.64369e-05,0.000168007
811.605,824.413,4.2913e-06,8.58442e-05
824.413,837.322,3.61895e-06,7.8833e-05
837.322,850.334,2.11218e-06,6.02258e-05
850.334,863.446,4.19164e-07,2.68293e-05
863.446,876.661,2.07969e-07,1.8898e-05
876.661,889.977,2.75526e-313,2.17519e-158
889.977,903.395,2.73433e-313,2.16692e-158
903.395,916.915,2.71371e-313,2.15873e-158
916.915,930.537,2.69337e-313,2.15063e-158
930.537,944.261,2.67332e-313,2.14261e-158
944.261,958.088,2.65355e-313,2.13467e-158
958.088,972.017,2.63404e-313,2.12681e-158
972.017,986.048,2.61481e-313,2.11903e-158
986.048,1000.18,2.59583e-313,2.11133e-158
1000.18,1014.42,2.57711e-313,2.1037e-158
1014.42,1028.76,2.55864e-313,2.09615e-158
1028.76,1043.2,2.54041e-313,2.08867e-158
1043.2,1057.75,2.52243e-313,2.08126e-158
1057.75,1072.39,2.50467e-313,2.07392e-158
1072.39,1087.15,2.48715e-313,2.06666e-158
1087.15,1102,2.46986e-313,2.05946e-158
1102,1116.96,2.45279e-313,2.05233e-158
1116.96,1132.02,2.43593e-313,2.04526e-158
1132.02,1147.19,2.41929e-313,2.03827e-158
1147.19,1162.46,2.40286e-313,2.03133e-158
1162.46,1177.83,2.38663e-313,2.02446e-158
1177.83,1193.31,2.37061e-313,2.01765e-158
1193.31,1208.89,2.35478e-313,2.01091e-158
1208.89,1224.57,2.33914e-313,2.00422e-158
1224.57,1240.36,2.3237e-313,1.99759e-158
1240.36,1256.25,2.30845e-313,1.99103e-158
1256.25,1272.25,2.29337e-313,1.98451e-158
1272.25,1288.36,2.27848e-313,1.97806e-158
1288.36,1304.56,2.26377e-313,1.97166e-158
1304.56,1320.87,2.24923e-313,1.96532e-158
1320.87,1337.29,2.23486e-313,1.95903e-158
1337.29,1353.81,2.22066e-313,1.9528e-158
1353.81,1370.44,2.20662e-313,1.94662e-158
1370.44,1387.17,2.19275e-313,1.94049e-158
1387.17,1404.01,2.17903e-313,1.93441e-158
1404.01,1420.95,2.16548e-313,1.92839e-158
1420.95,1438,2.15207e-313,1.92241e-158
1438,1455.15,2.13882e-313,1.91648e-158
1455.15,1472.41,2.12572e-313,1.9106e-158
1472.41,1489.78,2.11277e-313,1.90477e-158
1489.78,1507.25,2.09995e-313,1.89899e-158
1507.25,1524.83,2.08729e-313,1.89325e-158
1524.83,1542.51,2.07476e-313,1.88756e-158
1542.51,1560.3,2.06236e-313,1.88191e-158
1560.3,1578.2,2.05011e-313,1.87631e-158
1578.2,1596.2,2.03798e-313,1.87076e-158
1596.2,1614.31,2.02599e-313,1.86524e-158
1614.31,1632.53,2.01413e-313,1.85978e-158
1632.53,1650.85,2.00239e-313,1.85435e-158
1650.85,1669.28,1.99078e-313,1.84896e-158
1669.28,1687.82,1.97929e-313,1.84362e-158
1687.82,1706.46,1.96792e-313,1.83832e-158
1706.46,1725.21,1.95667e-313,1.83306e-158
1725.21,1744.07,1.94554e-313,1.82784e-158
1744.07,1763.04,1.93453e-313,1.82265e-158
1763.04,1782.11,1.92363e-313,1.81751e-158
1782.11,1801.29,1.91284e-313,1.81241e-158
1801.29,1820.58,1.90216e-313,1.80734e-158
1820.58,1839.97,1.89159e-313,1.80231e-158
1839.97,1859.48,1.88112e-313,1.79732e-158
1859.48,1879.09,1.87077e-313,1.79237e-158
1879.09,1898.81,1.86052e-313,1.78745e-158
1898.81,1918.64,1.85037e-313,1.78257e-158
1918.64,1938.58,1.84032e-313,1.77772e-158
1938.58,1958.62,1.83037e-313,1.77291e-158
1958.62,1978.77,1.82052e-313,1.76813e-158
1978.77,1999.04,1.81077e-313,1.76339e-158
1999.04,2019.41,1.80111e-313,1.75868e-158
2019.41,2039.88,1.79155e-313,1.75401e-158
2039.88,2060.47,1.78208e-313,1.74937e-158
2060.47,2081.17,1.7727e-313,1.74476e-158
2081.17,2101.98,1.76342e-313,1.74018e-158
2101.98,2122.89,1.75422e-313,1.73564e-158
2122.89,2143.91,1.74511e-313,1.73112e-158
2143.91,2165.05,1.73609e-313,1.72664e-158
2165.05,2186.29,1.72715e-313,1.72219e-158
2186.29,2207.64,1.7183e-313,1.71777e-158
2207.64,2229.11,1.70953e-313,1.71339e-158
2229.11,2250.68,1.70084e-313,1.70903e-158
2250.68,2272.36,1.69224e-313,1.7047e-158
2272.36,2294.15,1.68371e-313,1.7004e-158
2294.15,2316.05,1.67527e-313,1.69613e-158
2316.05,2338.06,1.6669e-313,1.69189e-158
2338.06,2360.18,1.65861e-313,1.68768e-158
2360.18,2382.41,1.6504e-313,1.68349e-158
2382.41,2404.75,1.64226e-313,1.67933e-158
2404.75,2427.2,1.63419e-313,1.67521e-158
2427.2,2449.76,1.6262e-313,1.67111e-158
2449.76,2472.44,1.61828e-313,1.66703e-158
2472.44,2495.22,1.61043e-313,1.66299e-158
2495.22,2518.11,1.60266e-313,1.65896e-158
2518.11,2541.11,1.59495e-313,1.65497e-158
2541.11,2564.23,1.58731e-313,1.651e-158
2564.23,2587.45,1.57974e-313,1.64706e-158
2587.45,2610.79,1.57224e-313,1.64314e-158
