87.6231,91.953,0.00216844,0.0019297
91.953,96.3845,0.00211647,0.00190644
96.3845,100.917,0.00204403,0.00187353
100.917,105.552,0.00220191,0.00194454
105.552,110.287,0.00212833,0.00191177
110.287,115.124,0.00220866,0.00194752
115.124,120.061,0.00225808,0.00196919
120.061,125.099,0.00222323,0.00195393
125.099,130.237,0.00221436,0.00195003
130.237,135.476,0.00222799,0.00195602
135.476,140.816,0.00220475,0.00194579
140.816,146.256,0.00222007,0.00195254
146.256,151.795,0.00223583,0.00195946
151.795,157.435,0.00222914,0.00195653
157.435,163.175,0.00218066,0.00193513
163.175,169.015,0.00220303,0.00194503
169.015,174.954,0.00218181,0.00193564
174.954,180.993,0.0022355,0.00195931
180.993,187.132,0.00219539,0.00194166
187.132,193.37,0.00220034,0.00194385
193.37,199.708,0.00221491,0.00195027
199.708,206.145,0.00223174,0.00195767
206.145,212.681,0.00224231,0.0019623
212.681,219.317,0.00227043,0.00197456
219.317,226.052,0.0021886,0.00193865
226.052,232.885,0.00223036,0.00195706
232.885,239.819,0.00218261,0.001936
239.819,246.851,0.00223284,0.00195815
246.851,253.982,0.00220124,0.00194425
253.982,261.212,0.00220103,0.00194415
261.212,268.541,0.00217588,0.00193301
268.541,275.969,0.00218252,0.00193596
275.969,283.496,0.00217681,0.00193342
283.496,291.122,0.00216053,0.00192618
291.122,298.847,0.00219201,0.00194016
298.847,306.67,0.00218018,0.00193492
306.67,314.593,0.00215351,0.00192305
314.593,322.614,0.00218497,0.00193704
322.614,330.734,0.00217108,0.00193088
330.734,338.953,0.00216798,0.0019295
338.953,347.271,0.00215425,0.00192338
347.271,355.687,0.00214183,0.00191783
355.687,364.203,0.00217049,0.00193061
364.203,372.817,0.00214886,0.00192097
372.817,381.53,0.00211678,0.00190658
381.53,390.342,0.00214813,0.00192065
390.342,399.253,0.00210536,0.00190143
399.253,408.264,0.00215398,0.00192326
408.264,417.373,0.00211488,0.00190572
417.373,426.58,0.00213629,0.00191535
426.58,435.887,0.00213653,0.00191545
435.887,445.293,0.00211252,0.00190466
445.293,454.799,0.00210252,0.00190014
454.799,464.403,0.00212941,0.00191226
464.403,474.106,0.00211796,0.00190711
474.106,483.909,0.00211999,0.00190802
483.909,493.811,0.00212154,0.00190872
493.811,503.812,0.00211718,0.00190676
503.812,513.913,0.00212498,0.00191027
513.913,524.112,0.00212898,0.00191206
524.112,534.412,0.00209998,0.001899
534.412,544.811,0.00210834,0.00190278
544.811,555.309,0.00209613,0.00189726
555.309,565.908,0.00208537,0.00189238
565.908,576.605,0.00209155,0.00189518
576.605,587.403,0.00210144,0.00189966
587.403,598.3,0.00208887,0.00189397
598.3,609.298,0.00206466,0.00188296
609.298,620.395,0.00207368,0.00188707
620.395,631.592,0.00208612,0.00189272
631.592,642.889,0.00207933,0.00188964
642.889,654.287,0.00206777,0.00188438
654.287,665.784,0.00208213,0.00189091
665.784,677.383,0.00208065,0.00189024
677.383,689.081,0.00205949,0.0018806
689.081,700.88,0.00208586,0.0018926
700.88,712.779,0.00207154,0.00188609
712.779,724.779,0.00207158,0.00188612
724.779,736.88,0.00206871,0.00188481
736.88,749.082,0.00206034,0.00188099
749.082,761.384,0.00206367,0.00188251
761.384,773.788,0.00203695,0.00187028
773.788,786.292,0.0020297,0.00186695
786.292,798.898,0.0020386,0.00187104
798.898,811.605,0.00206474,0.001883
811.605,824.413,0.00206182,0.00188167
824.413,837.322,0.00205131,0.00187686
837.322,850.334,0.00204807,0.00187538
850.334,863.446,0.00204946,0.00187601
863.446,876.661,0.00203963,0.00187151
876.661,889.977,0.0020393,0.00187136
889.977,903.395,0.00203987,0.00187162
903.395,916.915,0.00202917,0.00186671
916.915,930.537,0.00204611,0.00187448
930.537,944.261,0.00203416,0.001869
944.261,958.088,0.00204022,0.00187178
958.088,972.017,0.00203966,0.00187153
972.017,986.048,0.00205016,0.00187634
986.048,1000.18,0.00203376,0.00186882
1000.18,1014.42,0.00202376,0.00186422
1014.42,1028.76,0.0020371,0.00187035
1028.76,1043.2,0.00201852,0.0018618
1043.2,1057.75,0.00205588,0.00187895
1057.75,1072.39,0.00203004,0.00186711
1072.39,1087.15,0.00203086,0.00186748
1087.15,1102,0.00201617,0.00186072
1102,1116.96,0.00201064,0.00185816
1116.96,1132.02,0.00198514,0.00184634
1132.02,1147.19,0.00198163,0.00184471
1147.19,1162.46,0.00192906,0.00182008
1162.46,1177.83,0.0019054,0.00180888
1177.83,1193.31,0.00184589,0.00178041
1193.31,1208.89,0.00175005,0.00173357
1208.89,1224.57,0.00163182,0.00167399
1224.57,1240.36,0.00150722,0.00160881
1240.36,1256.25,0.00137768,0.00153812
1256.25,1272.25,0.00120348,0.0014376
1272.25,1288.36,0.00103684,0.00133436
1288.36,1304.56,0.000855283,0.00121191
1304.56,1320.87,0.00069034,0.0010888
1320.87,1337.29,0.000541666,0.000964457
1337.29,1353.81,0.000400426,0.000829236
1353.81,1370.44,0.000285669,0.000700404
1370.44,1387.17,0.000198119,0.000583284
1387.17,1404.01,0.000130082,0.000472634
1404.01,1420.95,8.29866e-05,0.000377503
1420.95,1438,4.92871e-05,0.000290927
1438,1455.15,2.78816e-05,0.000218814
1455.15,1472.41,1.52364e-05,0.000161755
1472.41,1489.78,7.96392e-06,0.000116945
1489.78,1507.25,4.43755e-06,8.72949e-05
1507.25,1524.83,1.96697e-06,5.81187e-05
1524.83,1542.51,1.0072e-06,4.15888e-05
1542.51,1560.3,5.00595e-07,2.93197e-05
1560.3,1578.2,1.75631e-07,1.73667e-05
1578.2,1596.2,5.81973e-08,9.99697e-06
1596.2,1614.31,5.78548e-08,9.96751e-06
1614.31,1632.53,3.83932e-314,8.11978e-159
1632.53,1650.85,3.81695e-314,8.09609e-159
1650.85,1669.28,3.79481e-314,8.07258e-159
1669.28,1687.82,3.77291e-314,8.04925e-159
1687.82,1706.46,3.75124e-314,8.0261e-159
1706.46,1725.21,3.7298e-314,8.00313e-159
1725.21,1744.07,3.70858e-314,7.98033e-159
1744.07,1763.04,3.68759e-314,7.95771e-159
1763.04,1782.11,3.66681e-314,7.93525e-159
1782.11,1801.29,3.64624e-314,7.91297e-159
1801.29,1820.58,3.62588e-314,7.89085e-159
1820.58,1839.97,3.60574e-314,7.8689e-159
1839.97,1859.48,3.58579e-314,7.84711e-159
1859.48,1879.09,3.56605e-314,7.82548e-159
1879.09,1898.81,3.54651e-314,7.804e-159
1898.81,1918.64,3.52716e-314,7.78269e-159
1918.64,1938.58,3.50801e-314,7.76153e-159
1938.58,1958.62,3.48905e-314,7.74052e-159
1958.62,1978.77,3.47027e-314,7.71967e-159
1978.77,1999.04,3.45168e-314,7.69896e-159
1999.04,2019.41,3.43327e-314,7.67841e-159
2019.41,2039.88,3.41505e-314,7.658e-159
2039.88,2060.47,3.397e-314,7.63773e-159
2060.47,2081.17,3.37912e-314,7.61761e-159
2081.17,2101.98,3.36142e-314,7.59763e-159
2101.98,2122.89,3.34388e-314,7.57779e-159
2122.89,2143.91,3.32652e-314,7.55809e-159
2143.91,2165.05,3.30932e-314,7.53853e-159
2165.05,2186.29,3.29229e-314,7.5191e-159
2186.29,2207.64,3.27541e-314,7.4998e-159
2207.64,2229.11,3.2587e-314,7.48064e-159
2229.11,2250.68,3.24214e-314,7.46161e-159
2250.68,2272.36,3.22574e-314,7.44272e-159
2272.36,2294.15,3.20949e-314,7.42395e-159
2294.15,2316.05,3.19339e-314,7.4053e-159
2316.05,2338.06,3.17744e-314,7.38679e-159
2338.06,2360.18,3.16163e-314,7.36839e-159
2360.18,2382.41,3.14598e-314,7.35013e-159
2382.41,2404.75,3.13046e-314,7.33198e-159
2404.75,2427.2,3.11509e-314,7.31395e-159
2427.2,2449.76,3.09986e-314,7.29605e-159
2449.76,2472.44,3.08476e-314,7.27826e-159
2472.44,2495.22,3.0698e-314,7.26059e-159
2495.22,2518.11,3.05498e-314,7.24304e-159
2518.11,2541.11,3.04029e-314,7.2256e-159
2541.11,2564.23,3.02573e-314,7.20828e-159
2564.23,2587.45,3.0113e-314,7.19107e-159
2587.45,2610.79,2.99699e-314,7.17397e-159
