-7	0	205.530420991542
-6.99	0	204.14459602429
-6.98	0	203.511987692638
-6.97	0	203.158474810693
-6.96	0	202.950358378166
-6.95	0	202.827714773699
-6.94	0	202.755221133291
-6.93	0	202.707110244684
-6.92	0	202.661535515455
-6.91	0	202.598811389404
-6.9	0	202.501917885028
-6.89	0	202.358334243031
-6.88	0	202.161983427705
-6.87	0	201.913944446197
-6.86	0	201.621289845856
-6.85	0	201.294581034374
-6.84	0	200.945204292552
-6.83	0	200.583459951451
-6.82	0	200.217644021109
-6.81	0	199.853891531937
-6.8	0	199.496432132252
-6.79	0	199.349038050459
-6.78	0	199.150925640643
-6.77	0	198.903291770711
-6.76	0	198.612923343469
-6.75	0	198.289852190472
-6.74	0	197.944889835331
-6.73	0	197.587853920877
-6.72	0	197.226700823339
-6.71	0	196.867360544164
-6.7	0	196.513959500445
-6.69	0	196.362966153277
-6.68	0	196.163240794372
-6.67	0	195.916076503694
-6.66	0	195.627981407168
-6.65	0	195.308483569485
-6.64	0	194.967848922402
-6.63	0	194.615434518247
-6.62	0	194.258869458885
-6.61	0	193.903883294553
-6.6	0	193.55449911165
-6.59	0	193.400111562674
-6.58	0	193.198916631993
-6.57	0	192.952284178941
-6.56	0	192.666450639238
-6.55	0	192.350464806739
-6.54	0	192.01407461093
-6.53	0	191.666197597746
-6.52	0	191.314147608303
-6.51	0	190.963458394658
-6.5	0	190.618049850044
-6.49	0	190.460467434953
-6.48	0	190.257941295063
-6.47	0	190.011900672656
-6.46	0	189.728317602998
-6.45	0	189.415784919154
-6.44	0	189.083558709524
-6.43	0	188.740137173872
-6.42	0	188.392530590307
-6.41	0	188.046081638931
-6.4	0	187.704607382774
-6.39	0	187.544023803438
-6.38	0	187.340299868209
-6.37	0	187.094908688143
-6.36	0	186.813565367454
-6.35	0	186.504428995567
-6.34	0	186.176288660864
-6.33	0	185.837242513348
-6.32	0	185.494008661822
-6.31	0	185.151743501997
-6.3	0	184.81416183886
-6.29	0	184.650764963118
-6.28	0	184.445971589147
-6.27	0	184.201284929643
-6.26	0	183.922170772243
-6.25	0	183.616375645538
-6.24	0	183.292245228329
-6.23	0	182.957496082951
-6.22	0	182.618565230288
-6.21	0	182.280427606651
-6.2	0	181.946696517401
-6.19	0	181.780667972944
-6.18	0	181.574928259344
-6.17	0	181.33099854441
-6.16	0	181.054103010192
-6.15	0	180.751595800503
-6.14	0	180.431401560614
-6.13	0	180.100872896607
-6.12	0	179.766176484987
-6.11	0	179.432110630481
-6.1	0	179.10218805422
-6.09	0	178.933702789565
-6.08	0	178.727134418146
-6.07	0	178.484011409353
-6.06	0	178.209324086343
-6.05	0	177.910053384144
-6.04	0	177.593724092231
-6.03	0	177.267341650419
-6.02	0	176.936812762313
-6.01	0	176.606763891869
-6	0	176.280608215982
-5.99	0	176.109834223922
-5.98	0	175.902549466466
-5.97	0	175.660280419907
-5.96	0	175.387791264793
-5.95	0	175.09170790437
-5.94	0	174.779175264932
-5.93	0	174.456867559011
-5.92	0	174.1304414855
-5.91	0	173.804356384424
-5.9	0	173.481927022387
-5.89	0	173.309025363589
-5.88	0	173.101131321588
-5.87	0	172.859761304291
-5.86	0	172.589460974432
-5.85	0	172.296518392267
-5.84	0	171.987717455023
-5.83	0	171.669416241387
-5.82	0	171.347030992975
-5.81	0	171.024858542004
-5.8	0	170.706116448475
-5.79	0	170.531241602679
-5.78	0	170.322840657482
-5.77	0	170.082412958493
-5.76	0	169.814293137491
-5.75	0	169.524447643344
-5.74	0	169.21931706921
-5.73	0	168.904957636083
-5.72	0	168.58655425703
-5.71	0	168.2682457595
-5.7	0	167.953153755249
-5.69	0	167.776454217929
-5.68	0	167.567644597875
-5.67	0	167.328201138035
-5.66	0	167.0622547618
-5.65	0	166.775465634667
-5.64	0	166.473947734276
-5.63	0	166.163468933342
-5.62	0	165.848991547461
-5.61	0	165.534500790991
-5.6	0	165.223023634465
-5.59	0	165.044642614201
-5.58	0	164.835518959171
-5.57	0	164.597100611988
-5.56	0	164.333321939346
-5.55	0	164.049551318989
-5.54	0	163.7515918539
-5.53	0	163.444935876982
-5.52	0	163.134331474186
-5.51	0	162.823614539037
-5.5	0	162.515718757252
-5.49	0	162.335794829347
-5.48	0	162.126448654729
-5.47	0	161.889095429364
-5.46	0	161.627479952239
-5.45	0	161.346692555861
-5.44	0	161.052240355753
-5.43	0	160.749352323617
-5.42	0	160.442570360199
-5.41	0	160.135585247695
-5.4	0	159.831238796912
-5.39	0	159.649906416504
-5.38	0	159.440426428247
-5.37	0	159.204177513033
-5.36	0	158.944721744108
-5.35	0	158.666884475785
-5.34	0	158.375890958741
-5.33	0	158.07671841945
-5.32	0	157.77371033268
-5.31	0	157.47041651247
-5.3	0	157.169588362486
-5.29	0	156.986978204475
-5.28	0	156.77745046826
-5.27	0	156.54234416917
-5.26	0	156.285045366172
-5.25	0	156.010126895618
-5.24	0	155.722545578684
-5.23	0	155.427038007495
-5.22	0	155.127756736739
-5.21	0	154.828114702024
-5.2	0	154.530774428128
-5.19	0	154.347013573589
-5.18	0	154.137521574983
-5.17	0	153.903595198202
-5.16	0	153.648451081719
-5.15	0	153.376421453697
-5.14	0	153.09220751689
-5.13	0	152.800315880614
-5.12	0	152.504715455991
-5.11	0	152.208686344691
-5.1	0	151.914803781433
-5.09	0	151.730015795994
-5.08	0	151.520640438053
-5.07	0	151.287930160269
-5.06	0	151.034938664046
-5.05	0	150.765768972675
-5.04	0	150.484878906769
-5.03	0	150.196555319897
-5.02	0	149.904590543364
-5.01	0	149.612135847996
-5	0	149.321680825662
-4.99	0	149.13598577324
-4.98	0	148.926805347332
-4.97	0	148.69534609963
-4.96	0	148.444505169568
-4.95	0	148.178167305998
-4.94	0	147.900558647322
-4.93	0	147.615756120055
-4.92	0	147.327382337497
-4.91	0	147.038463701801
-4.9	0	146.751405863555
-4.89	0	146.564920278251
-4.88	0	146.356010422983
-4.87	0	146.125835794717
-4.86	0	145.877143235501
-4.85	0	145.613609702702
-4.84	0	145.339240845883
-4.83	0	145.057913114104
-4.82	0	144.773086068839
-4.81	0	144.487665162542
-4.8	0	144.203973854974
-4.79	0	144.016810670271
-4.78	0	143.808244315547
-4.77	0	143.579386473093
-4.76	0	143.332839836218
-4.75	0	143.072083624842
-4.74	0	142.800913708838
-4.73	0	142.523015143476
-4.72	0	142.241690910927
-4.71	0	141.959729384655
-4.7	0	141.679373625609
-4.69	0	141.491642050901
-4.68	0	141.28348934102
-4.67	0	141.055978959287
-4.66	0	140.811575474431
-4.65	0	140.553570005948
-4.64	0	140.285558883784
-4.63	0	140.011044493805
-4.62	0	139.733179514772
-4.61	0	139.454639054925
-4.6	0	139.177587600063
-4.59	0	138.989392950789
-4.58	0	138.781721157352
-4.57	0	138.555587378525
-4.56	0	138.313323946006
-4.55	0	138.058043103878
-4.54	0	137.793151419616
-4.53	0	137.521976974529
-4.52	0	137.24752821477
-4.51	0	136.972370727266
-4.5	0	136.698592264912
-4.49	0	136.510035790713
-4.48	0	136.302909255651
-4.47	0	136.078179710035
-4.46	0	135.838052983564
-4.45	0	135.585471256696
-4.44	0	135.323660649998
-4.43	0	135.055782939488
-4.42	0	134.784708191342
-4.41	0	134.512896128808
-4.4	0	134.242359616871
-4.39	0	134.053538411214
-4.38	0	133.847018583758
-4.37	0	133.623719515611
-4.36	0	133.385726098407
-4.35	0	133.135818842961
-4.34	0	132.877052273979
-4.33	0	132.612429487673
-4.32	0	132.344687790286
-4.31	0	132.076184595392
-4.3	0	131.808859711264
-4.29	0	131.619866796805
-4.28	0	131.414012423952
-4.27	0	131.192168947043
-4.26	0	130.956305694312
-4.25	0	130.709049480232
-4.24	0	130.45329162048
-4.23	0	130.191883778718
-4.22	0	129.927435878199
-4.21	0	129.662206459316
-4.2	0	129.398064077113
-4.19	0	129.208988723338
-4.18	0	129.003856210848
-4.17	0	128.783492673154
-4.16	0	128.549757047161
-4.15	0	128.305130008522
-4.14	0	128.052347596319
-4.13	0	127.794116916298
-4.12	0	127.532925641565
-4.11	0	127.270936752457
-4.1	0	127.009949318942
-4.09	0	126.820877567145
-4.08	0	126.616521458522
-4.07	0	126.39766183933
-4.06	0	126.166052220585
-4.05	0	125.924034298209
-4.04	0	125.67419633651
-4.03	0	125.419107405087
-4.02	0	125.161137827558
-4.01	0	124.902358219095
-4	0	124.644499898325
-3.99	0	124.455515176319
-3.98	0	124.251988631413
-3.97	0	124.034656855577
-3.96	0	123.805172700269
-3.95	0	123.565745673083
-3.94	0	123.318823372587
-3.93	0	123.066843034515
-3.92	0	122.812062325813
-3.91	0	122.556462588689
-3.9	0	122.301709098863
-3.89	0	122.11289275018
-3.88	0	121.910247879283
-3.87	0	121.694467938083
-3.86	0	121.467109703558
-3.85	0	121.230256959071
-3.84	0	120.986223400433
-3.83	0	120.737320353918
-3.82	0	120.485697346455
-3.81	0	120.233249458548
-3.8	0	119.981577620154
-3.79	0	119.793009184819
-3.78	0	119.591297129407
-3.77	0	119.37709295281
-3.76	0	119.151861784836
-3.75	0	118.917567863921
-3.74	0	118.676397446906
-3.73	0	118.430541638215
-3.72	0	118.182046196371
-3.71	0	117.932722891857
-3.7	0	117.684110008413
-3.69	0	117.495867177575
-3.68	0	117.295137916905
-3.67	0	117.082533030099
-3.66	0	116.859430291722
-3.65	0	116.62768032581
-3.64	0	116.389348152657
-3.63	0	116.146510137335
-3.62	0	115.901112519244
-3.61	0	115.654886665363
-3.6	0	115.409309923446
-3.59	0	115.221468214376
-3.58	0	115.021770182142
-3.57	0	114.810787263184
-3.56	0	114.589814048434
-3.55	0	114.360593252403
-3.54	0	114.125074622499
-3.53	0	113.88522507857
-3.52	0	113.642895477353
-3.51	0	113.399739647245
-3.5	0	113.157175720705
-3.49	0	112.969808026845
-3.48	0	112.771187696859
-3.47	0	112.561848193837
-3.46	0	112.34300498082
-3.45	0	112.116298350268
-3.44	0	111.883568508056
-3.43	0	111.646678036033
-3.42	0	111.407386428217
-3.41	0	111.167272790537
-3.4	0	110.927697762747
-3.39	0	110.740873976637
-3.38	0	110.543375586363
-3.37	0	110.33569953126
-3.36	0	110.11898608071
-3.35	0	109.89477837158
-3.34	0	109.664812561872
-3.33	0	109.430851806656
-3.32	0	109.194568128148
-3.31	0	108.957468662986
-3.3	0	108.720858268932
-3.29	0	108.534645135456
-3.28	0	108.338310656568
-3.27	0	108.132316736926
-3.26	0	107.917732253296
-3.25	0	107.696008223235
-3.24	0	107.46878200308
-3.23	0	107.237722024077
-3.22	0	107.004416584048
-3.21	0	106.770303525331
-3.2	0	106.53663360815
-3.19	0	106.351094863194
-3.18	0	106.155964227169
-3.17	0	105.951670079341
-3.16	0	105.739213559435
-3.15	0	105.519958364184
-3.14	0	105.295448040293
-3.13	0	105.067260781691
-3.12	0	104.836904755577
-3.11	0	104.605751095681
-3.1	0	104.374998112192
-3.09	0	104.190194846847
-3.08	0	103.996306337483
-3.07	0	103.79372894897
-3.06	0	103.583399586038
-3.05	0	103.366599184231
-3.04	0	103.14478221968
-3.03	0	102.919440919176
-3.02	0	102.692006757304
-3.01	0	102.463786651602
-3	0	102.235928068003
-2.99	0	102.051919182975
-2.98	0	101.859309858159
-2.97	0	101.658465942212
-2.96	0	101.450263452058
-2.95	0	101.235904889991
-2.94	0	101.016760157741
-2.93	0	100.794239577759
-2.92	0	100.56970122027
-2.91	0	100.34439018883
-2.9	0	100.119404670167
-2.89	0	99.9362472772042
-2.88	0	99.7449532952867
-2.87	0	99.5458595331317
-2.86	0	99.3397843172518
-2.85	0	99.12785582682
-2.84	0	98.9113636591509
-2.83	0	98.6916401029105
-2.82	0	98.4699729740344
-2.81	0	98.2475478818954
-2.8	0	98.0254152631344
-2.79	0	97.8431649415564
-2.78	0	97.6532217273001
-2.77	0	97.4558948392517
-2.76	0	97.2519479703754
-2.75	0	97.042438886321
-2.74	0	96.8285809432375
-2.73	0	96.6116320918031
-2.72	0	96.3928129191008
-2.71	0	96.1732517871257
-2.7	0	95.9539528816342
-2.69	0	95.7726637729284
-2.68	0	95.5841060284716
-2.67	0	95.3885627000722
-2.66	0	95.1867457740711
-2.65	0	94.9796463289473
-2.64	0	94.768405354935
-2.63	0	94.5542100022535
-2.62	0	94.3382165425038
-2.61	0	94.1214982726684
-2.6	0	93.9050146022043
-2.59	0	93.7247393831438
-2.58	0	93.5376009958887
-2.57	0	93.3438577204526
-2.56	0	93.1441726432447
-2.55	0	92.9394737137573
-2.54	0	92.7308332595041
-2.53	0	92.5193710231969
-2.52	0	92.3061817723481
-2.51	0	92.0922858633547
-2.5	0	91.8785993829964
-2.49	0	91.6993891761119
-2.48	0	91.5137030837327
-2.47	0	91.3217759815388
-2.46	0	91.1242247502076
-2.45	0	90.9219176123382
-2.44	0	90.7158617764687
-2.43	0	90.5071128367186
-2.42	0	90.2967067733223
-2.41	0	90.0856130729222
-2.4	0	89.8747059342844
-2.39	0	89.6966101998202
-2.38	0	89.51240825319
-2.37	0	89.3223129043509
-2.36	0	89.1268974156519
-2.35	0	88.926973538062
-2.34	0	88.7234867550581
-2.33	0	88.5174316448381
-2.32	0	88.3097880276816
-2.31	0	88.1014765402548
-2.3	0	87.8933309096675
-2.29	0	87.7163973378215
-2.28	0	87.5337101778515
-2.27	0	87.3454614822041
-2.26	0	87.1521833795194
-2.25	0	86.9546342645008
-2.24	0	86.7537011467718
-2.23	0	86.5503206005253
-2.22	0	86.3454188270743
-2.21	0	86.1398695828303
-2.2	0	85.9344675207671
-2.19	0	85.7587419309742
-2.18	0	85.5775988852774
-2.17	0	85.3912109546
-2.16	0	85.200071518379
-2.15	0	85.0048885954745
-2.14	0	84.8064938351152
-2.13	0	84.6057687020712
-2.12	0	84.4035882346907
-2.11	0	84.2007812282928
-2.1	0	83.9981046386607
-2.09	0	83.8236308985928
-2.08	0	83.6440599097802
-2.07	0	83.4595460033347
-2.06	0	83.2705460953874
-2.05	0	83.0777206776714
-2.04	0	82.8818490177649
-2.03	0	82.6837602498349
-2.02	0	82.4842806199742
-2.01	0	82.2841958291022
-2	0	82.0842264892644
-1.99	0	81.9110464791064
-1.98	0	81.733074086632
-1.97	0	81.5504466081803
-1.96	0	81.3635866843808
-1.95	0	81.1731099987396
-1.94	0	80.9797462828175
-1.93	0	80.7842750034625
-1.92	0	80.5874758984633
-1.91	0	80.3900933856743
-1.9	0	80.1928130596385
-1.89	0	80.0209667108641
-1.88	0	79.8446181082353
-1.87	0	79.6638886788593
-1.86	0	79.4791688774784
-1.85	0	79.291032169685
-1.84	0	79.1001614645818
-1.83	0	78.907289109275
-1.82	0	78.7131505287385
-1.81	0	78.5184506107436
-1.8	0	78.323841227582
-1.79	0	78.1533666487952
-1.78	0	77.97866581977
-1.77	0	77.799845421374
-1.76	0	77.6172657138106
-1.75	0	77.4314604079861
-1.74	0	77.2430681735863
-1.73	0	77.0527766704056
-1.72	0	76.8612791167991
-1.71	0	76.6692425630015
-1.7	0	76.4772864204311
-1.69	0	76.3082200930485
-1.68	0	76.1351900029014
-1.67	0	75.9582891622546
-1.66	0	75.7778495305168
-1.65	0	75.5943674026736
-1.64	0	75.4084396644951
-1.63	0	75.2207116079301
-1.62	0	75.0318362624934
-1.61	0	74.8424444725896
-1.6	0	74.6531244149258
-1.59	0	74.4855014143102
-1.58	0	74.3141642103233
-1.57	0	74.1391931768987
-1.56	0	73.9608937707014
-1.55	0	73.7797270892857
-1.54	0	73.5962505672293
-1.53	0	73.4110693392343
-1.52	0	73.2247981781471
-1.51	0	73.0380332948551
-1.5	0	72.8513328226427
-1.49	0	72.6851870127348
-1.48	0	72.5155641858198
-1.47	0	72.3425330595295
-1.46	0	72.1663742933829
-1.45	0	71.9875158913452
-1.44	0	71.8064780530272
-1.43	0	71.6238278632632
-1.42	0	71.4401436891404
-1.41	0	71.2559886238451
-1.4	0	71.0718919153037
-1.39	0	70.9072560753442
-1.38	0	70.7393685488708
-1.37	0	70.5682873313096
-1.36	0	70.3942699024428
-1.35	0	70.2177131683409
-1.34	0	70.0391022004329
-1.33	0	69.8589680442207
-1.32	0	69.677854435714
-1.31	0	69.496292813256
-1.3	0	69.3147846664758
-1.29	0	69.1516905382599
-1.28	0	68.9855586798484
-1.27	0	68.8164372517875
-1.26	0	68.6445620880222
-1.25	0	68.4703008908733
-1.24	0	68.2941056079014
-1.23	0	68.1164731651854
-1.22	0	67.9379143709809
-1.21	0	67.7589304220795
-1.2	0	67.5799961479577
-1.19	0	67.4184744175119
-1.18	0	67.2541179925824
-1.17	0	67.0869660409776
-1.16	0	66.9172342057317
-1.15	0	66.7452627840683
-1.14	0	66.5714725077446
-1.13	0	66.3963280181081
-1.12	0	66.2203088317194
-1.11	0	66.0438872702321
-1.1	0	65.8675125736726
-1.09	0	65.7075928177411
-1.08	0	65.5450309168293
-1.07	0	65.3798578445845
-1.06	0	65.2122704330824
-1.05	0	65.0425832827646
-1.04	0	64.8711877265506
-1.03	0	64.6985178748429
-1.02	0	64.5250235243686
-1.01	0	64.3511494429574
-1	0	64.1773203251293
-0.99	0	64.0190309545655
-0.98	0	63.8582819255996
-0.97	0	63.6950967741639
-0.96	0	63.5296548296871
-0.95	0	63.3622466180033
-0.94	0	63.19323580313
-0.93	0	63.0230276406508
-0.92	0	62.852043717212
-0.91	0	62.6807025239545
-0.9	0	62.5094052270305
-0.89	0	62.3527734457025
-0.88	0	62.193854849053
-0.87	0	62.0326662509689
-0.86	0	61.8693707177012
-0.85	0	61.7042362398835
-0.84	0	61.5376004586558
-0.83	0	61.3698413755344
-0.82	0	61.2013538159184
-0.81	0	61.0325312273332
-0.8	0	60.8637522371496
-0.79	0	60.7088040420896
-0.78	0	60.551732651638
-0.77	0	60.3925488336267
-0.76	0	60.2314005640024
-0.75	0	60.0685347575027
-0.74	0	59.9042645968701
-0.73	0	59.7389423564977
-0.72	0	59.5729374890083
-0.71	0	59.4066195869005
-0.7	0	59.2403456995931
-0.69	0	59.0871059333924
-0.68	0	58.9318977920702
-0.67	0	58.7747266346964
-0.66	0	58.6157264551328
-0.65	0	58.4551244736723
-0.64	0	58.2932108995247
-0.63	0	58.1303137342645
-0.62	0	57.9667783860603
-0.61	0	57.8029517357851
-0.6	0	57.6391701855517
-0.59	0	57.4876626556486
-0.58	0	57.3343331959768
-0.57	0	57.1791823561324
-0.56	0	57.022331193132
-0.55	0	56.8639885384746
-0.54	0	56.7044230349099
-0.53	0	56.5439397940246
-0.52	0	56.3828614480149
-0.51	0	56.2215132638059
-0.5	0	56.0602118954428
-0.49	0	55.9104595656842
-0.48	0	55.7590237944508
-0.47	0	55.6059008833899
-0.46	0	55.4511999364796
-0.45	0	55.2951126284687
-0.44	0	55.1378873671362
-0.43	0	54.9798076871827
-0.42	0	54.821174654506
-0.41	0	54.6622929743098
-0.4	0	54.5034604200186
-0.39	0	54.3554856471538
-0.38	0	54.2059583617853
-0.37	0	54.0548711413616
-0.36	0	53.902322060949
-0.35	0	53.7484867997636
-0.34	0	53.5935947896104
-0.33	0	53.4379092345331
-0.32	0	53.2817107872871
-0.31	0	53.1252845997334
-0.3	0	52.9689104012822
-0.29	0	52.8227351728707
-0.28	0	52.6751311620797
-0.27	0	52.5260877078372
-0.26	0	52.3756927228276
-0.25	0	52.2241069847177
-0.24	0	52.0715421401233
-0.23	0	51.9182422461094
-0.22	0	51.7644686428641
-0.21	0	51.6104878967773
-0.2	0	51.4565625017095
-0.19	0	51.3122085821323
-0.18	0	51.1665427210109
-0.17	0	51.0195514666297
-0.16	0	50.8713133811689
-0.15	0	50.7219753721643
-0.14	0	50.5717324291326
-0.13	0	50.4208105889517
-0.12	0	50.26945293258
-0.11	0	50.1179083730622
-0.1	0	49.9664229531212
-0.09	0	49.8239118559699
-0.08	0	49.6801990243481
-0.07	0	49.5352686272429
-0.06	0	49.3891906373419
-0.05	0	49.242099066276
-0.04	0	49.0941733179725
-0.03	0	48.945622485226
-0.02	0	48.7966724016949
-0.01	0	48.6475552286718
0	0	48.4985013226121
0.01	0	48.3578540860872
0.02	0	48.2161088979584
0.03	0	48.0732479248253
0.04	0	47.9293332641417
0.05	0	47.784486953981
0.06	0	47.6388738334022
0.07	0	47.4926870822359
0.08	0	47.3461362626107
0.09	0	47.1994376597329
0.10	0	47.0528066930273
0.11	0	46.9140434585956
0.12	0	46.7742798169348
0.13	0	46.6334962782347
0.14	0	46.4917477366477
0.15	0	46.3491451319404
0.16	0	46.2058397128725
0.17	0	46.0620097365822
0.18	0	45.9178494367122
0.19	0	45.7735600747875
0.2	0	45.6293428687521
0.21	0	45.4924823756336
0.22	0	45.3547129723389
0.23	0	45.2160138315052
0.24	0	45.0764332772599
0.25	0	44.9360719824434
0.26	0	44.7950685364735
0.27	0	44.6535872249196
0.28	0	44.5118078640813
0.29	0	44.3699175209602
0.3	0	44.2281039332281
0.31	0	44.0931630774294
0.32	0	43.9573989843607
0.33	0	43.8207897843325
0.34	0	43.683377828555
0.35	0	43.5452543118957
0.36	0	43.4065460521282
0.37	0	43.2674042745148
0.38	0	43.1279952555654
0.39	0	42.988492671179
0.4	0	42.8490714825336
0.41	0	42.7160651056
0.42	0	42.5823156077688
0.43	0	42.4478003505149
0.44	0	42.3125562738241
0.45	0	42.1766658407785
0.46	0	42.0402449405597
0.47	0	41.9034326071612
0.48	0	41.7663824180674
0.49	0	41.6292554318906
0.5	0	41.4922145153435
0.51	0	41.3611554737908
0.52	0	41.2294281811236
0.53	0	41.0970094826655
0.54	0	40.9639314333907
0.55	0	40.830268467024
0.56	0	40.6961263406827
0.57	0	40.5616327212089
0.58	0	40.4269292876207
0.59	0	40.292165221479
0.60	0	40.1574919509534
0.61	0	40.0283914533655
0.62	0	39.898692667494
0.63	0	39.7683721544834
0.64	0	39.6374575746002
0.65	0	39.5060159899202
0.66	0	39.3741437739726
0.67	0	39.2419580035378
0.68	0	39.1095892168772
0.69	0	38.9771754220549
0.7	0	38.8448572350852
0.71	0	38.7177254118434
0.72	0	38.5900606999059
0.73	0	38.4618395859882
0.74	0	38.3330857890316
0.75	0	38.203859611732
0.76	0	38.0742487438194
0.77	0	37.9443604013591
0.78	0	37.8143146958126
0.79	0	37.6842391274929
0.8	0	37.554264095773
0.81	0	37.4291105938348
0.82	0	37.3034853646156
0.83	0	37.1773650076736
0.84	0	37.0507697176754
0.85	0	36.9237536058823
0.86	0	36.7963963306728
0.87	0	36.6687959303291
0.88	0	36.5410627608582
0.89	0	36.4133144436208
0.9	0	36.285671726547
0.91	0	36.1625062251922
0.92	0	36.0389262125798
0.93	0	35.9149085660376
0.94	0	35.7904703379986
0.95	0	35.6656599740155
0.96	0	35.5405497087278
0.97	0	35.4152290417547
0.98	0	35.2897992048607
0.99	0	35.1643685345169
1	0	35.0390486639715
1.01	0	34.9178812336575
1.02	0	34.7963528173129
1.03	0	34.6744407135205
1.04	0	34.552159181662
1.05	0	34.4295514880353
1.06	0	34.3066830096695
1.07	0	34.1836353062624
1.08	0	34.0605010796925
1.09	0	33.9373799438443
1.1	0	33.8143749282094
1.11	0	33.6952162540418
1.12	0	33.5757466388142
1.13	0	33.4559439243723
1.14	0	33.3358198949417
1.15	0	33.2154130874257
1.16	0	33.0947825492291
1.17	0	32.9740024621334
1.18	0	32.8531575593039
1.19	0	32.7323392660951
1.2	0	32.6116424965722
1.21	0	32.4945038499897
1.22	0	32.3771009981927
1.23	0	32.2594124290514
1.24	0	32.1414477414995
1.25	0	32.023241160177
1.26	0	31.9048458968241
1.27	0	31.7863292846591
1.28	0	31.6677686199726
1.29	0	31.5492476488842
1.3	0	31.4308536388285
1.31	0	31.3157467314523
1.32	0	31.2004191817793
1.33	0	31.0848502074631
1.34	0	30.9690474855282
1.35	0	30.8530413151832
1.36	0	30.7368795353813
1.37	0	30.6206231306429
1.38	0	30.5043424660513
1.39	0	30.3881140960406
1.4	0	30.272018093453
1.41	0	30.1589547599408
1.42	0	30.0457112790437
1.43	0	29.9322676643334
1.44	0	29.8186299101064
1.45	0	29.7048247495114
1.46	0	29.5908950836139
1.47	0	29.4768960217544
1.48	0	29.3628914803118
1.49	0	29.248951290606
1.5	0	29.1351487686451
1.51	0	29.0241404784564
1.52	0	28.9129895561397
1.53	0	28.8016768623587
1.54	0	28.6902069266058
1.55	0	28.5786032508783
1.56	0	28.4669042081446
1.57	0	28.3551594823353
1.58	0	28.2434270027142
1.59	0	28.1317703289361
1.6	0	28.0202564451138
1.61	0	27.9113137741372
1.62	0	27.8022630938847
1.63	0	27.6930861504219
1.64	0	27.5837862072252
1.65	0	27.4743838475857
1.66	0	27.3649133028105
1.67	0	27.2554192588732
1.68	0	27.1459540996533
1.69	0	27.0365755481463
1.7	0	26.9273446690129
1.71	0	26.8204767921278
1.72	0	26.7135327366422
1.73	0	26.606495162273
1.74	0	26.4993662484957
1.75	0	26.3921639517398
1.76	0	26.2849187260629
1.77	0	26.1776706653985
1.78	0	26.0704670303654
1.79	0	25.9633601256203
1.8	0	25.8564054956466
1.81	0	25.7516197772088
1.82	0	25.6467870500527
1.83	0	25.5418909095467
1.84	0	25.4369326192378
1.85	0	25.3319277818336
1.86	0	25.226903417531
1.87	0	25.1218954127775
1.88	0	25.0169463068691
1.89	0	24.9121033865208
1.9	0	24.807417060354
1.91	0	24.7047188982917
1.92	0	24.6020004159148
1.93	0	24.4992461635467
1.94	0	24.3964566453019
1.95	0	24.2936453658621
1.96	0	24.1908362341794
1.97	0	24.0880612917355
1.98	0	23.9853587367643
1.99	0	23.8827712183191
2	0	23.7803443757371
2.01	0	23.6797375860733
2.02	0	23.5791348954154
2.03	0	23.4785218225992
2.04	0	23.3778982544646
2.05	0	23.2772758333529
2.06	0	23.1766756563572
2.07	0	23.076126258066
2.08	0	22.9756618518267
2.09	0	22.8753208067632
2.1	0	22.7751443393163
2.11	0	22.6766317304573
2.12	0	22.5781455898267
2.13	0	22.4796724126797
2.14	0	22.3812115965844
2.15	0	22.2827731373895
2.16	0	22.1843755965648
2.17	0	22.0860443153583
2.18	0	21.9878098540493
2.19	0	21.8897066365323
2.2	0	21.7917717818514
2.21	0	21.6953558418797
2.22	0	21.5989868994222
2.23	0	21.5026524270605
2.24	0	21.4063514462152
2.25	0	21.3100925019737
2.26	0	21.2138918732794
2.27	0	21.1177719972427
2.28	0	21.0217600887697
2.29	0	20.9258869384132
2.3	0	20.8301858725948
2.31	0	20.7358694262127
2.32	0	20.641618850064
2.33	0	20.5474225866146
2.34	0	20.4532793789263
2.35	0	20.35919649715
2.36	0	20.2651881683388
2.37	0	20.1712741913024
2.38	0	20.0774787202979
2.39	0	19.9838292028362
2.4	0	19.8903554579845
2.41	0	19.7981421600083
2.42	0	19.7060120912679
2.43	0	19.6139546470319
2.44	0	19.5219683742295
2.45	0	19.4300594245721
2.46	0	19.3382401825638
2.47	0	19.2465280527493
2.48	0	19.1549443923054
2.49	0	19.0635135763583
2.5	0	18.9722621843743
2.51	0	18.8821567721312
2.52	0	18.7921505230005
2.53	0	18.7022337559483
2.54	0	18.6124048874248
2.55	0	18.5226690879475
2.56	0	18.4330370884256
2.57	0	18.3435241229007
2.58	0	18.254148995851
2.59	0	18.1649332632985
2.6	0	18.0759005177959
2.61	0	17.9879084950861
2.62	0	17.9000301901853
2.63	0	17.8122568099487
2.64	0	17.7245866946381
2.65	0	17.6370241565538
2.66	0	17.5495784462466
2.67	0	17.4622628350312
2.68	0	17.3750938037473
2.69	0	17.2880903286393
2.7	0	17.2012732559466
2.71	0	17.1154003645005
2.72	0	17.0296544041901
2.73	0	16.94402743022
2.74	0	16.8585177524742
2.75	0	16.7731289364447
2.76	0	16.6878689122894
2.77	0	16.6027491825318
2.78	0	16.517784119925
2.79	0	16.4329903477781
2.8	0	16.3483861956612
2.81	0	16.2646379376931
2.82	0	16.1810285243423
2.83	0	16.0975508164497
2.84	0	16.0142031315478
2.85	0	15.9309883888959
2.86	0	15.8479133456502
2.87	0	15.7649879162369
2.88	0	15.6822245678259
2.89	0	15.599637785448
2.9	0	15.517243600818
2.91	0	15.4356248236507
2.92	0	15.3541555507366
2.93	0	15.2728294035437
2.94	0	15.1916447384015
2.95	0	15.1106039189386
2.96	0	15.0297126648777
2.97	0	14.9489794706006
2.98	0	14.8684150875717
2.99	0	14.7880320652434
3	0	14.7078443454951
3.01	0	14.6283588292409
3.02	0	14.549032284453
3.03	0	14.4698590497902
3.04	0	14.3908375479748
3.05	0	14.3119696704054
3.06	0	14.2332602253368
3.07	0	14.154716444197
3.08	0	14.0763475411567
3.09	0	13.9981643215021
3.1	0	13.9201788347182
3.11	0	13.8428290183105
3.12	0	13.7656465533809
3.13	0	13.6886264598874
3.14	0	13.6117672559295
3.15	0	13.535070440829
3.16	0	13.458540030754
3.17	0	13.3821821424476
3.18	0	13.3060046210538
3.19	0	13.2300167083882
3.2	0	13.1542287482929
3.21	0	13.0790163064334
3.22	0	13.0039786393354
3.23	0	12.9291114079075
3.24	0	12.8544132458151
3.25	0	12.7798853286024
3.26	0	12.7055309859097
3.27	0	12.6313553531833
3.28	0	12.557365059623
3.29	0	12.4835679493894
3.3	0	12.4099728333351
3.31	0	12.3368991509581
3.32	0	12.2640068000484
3.33	0	12.191292036291
3.34	0	12.1187536195864
3.35	0	12.0463924579372
3.36	0	11.9742112863779
3.37	0	11.9022143780536
3.38	0	11.8304072848233
3.39	0	11.7587966049852
3.4	0	11.6873897759145
3.41	0	11.6164558187881
3.42	0	11.5457089580721
3.43	0	11.4751460031272
3.44	0	11.4047658509078
3.45	0	11.3345691945322
3.46	0	11.2645582600709
3.47	0	11.1947365692518
3.48	0	11.125108725988
3.49	0	11.05568022481
3.5	0	10.9864572794316
3.51	0	10.9176637954964
3.52	0	10.8490624803058
3.53	0	10.7806506572714
3.54	0	10.7124273683759
3.55	0	10.6443931384242
3.56	0	10.5765497617614
3.57	0	10.5089001096509
3.58	0	10.4414479566589
3.59	0	10.3741978245308
3.6	0	10.3071548421597
3.61	0	10.2405027742622
3.62	0	10.1740473458745
3.63	0	10.1077863525079
3.64	0	10.0417189832822
3.65	0	9.97584563280019
3.66	0	9.91016773067788
3.67	0	9.84468758732968
3.68	0	9.77940825472112
3.69	0	9.71433340090801
3.7	0	9.64946719726946
3.71	0	9.58495795108524
3.72	0	9.52064927390922
3.73	0	9.45653938793967
3.74	0	9.39262762504244
3.75	0	9.32891427903012
3.76	0	9.26540047160778
3.77	0	9.20208803091232
3.78	0	9.13897938166023
3.79	0	9.07607744599559
3.8	0	9.0133855541985
3.81	0	8.95102080911078
3.82	0	8.88886006668174
3.83	0	8.82690193513525
3.84	0	8.76514588564009
3.85	0	8.70359213862598
3.86	0	8.64224156048216
3.87	0	8.58109556983306
3.88	0	8.52015605264943
3.89	0	8.45942528550986
3.9	0	8.39890586637831
3.91	0	8.33868763229052
3.92	0	8.2786764024242
3.93	0	8.21887113217077
3.94	0	8.15927142705884
3.95	0	8.09987745749418
3.96	0	8.0406898812054
3.97	0	7.98170977280369
3.98	0	7.92293855991101
3.99	0	7.86437796535117
4	0	7.80602995493524
4.01	0	7.74796070029378
4.02	0	7.69010108591358
4.03	0	7.63245037837277
4.04	0	7.57500831226287
4.05	0	7.51777502843992
4.06	0	7.46075101782189
4.07	0	7.4039370703105
4.08	0	7.34733422844667
4.09	0	7.29094374543759
4.1	0	7.23476704721887
4.11	0	7.17884991450099
4.12	0	7.12314476713125
4.13	0	7.06765115026044
4.14	0	7.01236892251685
4.15	0	6.95729821349807
4.16	0	6.90243938508766
4.17	0	6.84779299630706
4.18	0	6.793359771434
4.19	0	6.73914057113751
4.2	0	6.68513636639759
4.21	0	6.63137575046416
4.22	0	6.57782923138811
4.23	0	6.52449659175876
4.24	0	6.47137779912784
4.25	0	6.41847297895123
4.26	0	6.36578239000882
4.27	0	6.31330640211384
4.28	0	6.26104547593666
4.29	0	6.20900014477995
4.3	0	6.15717099815389
4.31	0	6.10557232067902
4.32	0	6.05418961862944
4.33	0	6.00302287310115
4.34	0	5.95207214522543
4.35	0	5.90133756127543
4.36	0	5.85081929921768
4.37	0	5.80051757659618
4.38	0	5.75043263964423
4.39	0	5.70056475352665
4.4	0	5.65091419362201
4.41	0	5.60148352047072
4.42	0	5.55227047880638
4.43	0	5.50327521435407
4.44	0	5.4544978689214
4.45	0	5.40593857486727
4.46	0	5.35759745024196
4.47	0	5.30947459454153
4.48	0	5.26157008502358
4.49	0	5.21388397353549
4.5	0	5.16641628380959
4.51	0	5.11916043373045
4.52	0	5.07212365470998
4.53	0	5.02530621447622
4.54	0	4.97870831268594
4.55	0	4.93233008230057
4.56	0	4.88617159107689
4.57	0	4.84023284315451
4.58	0	4.79451378072375
4.59	0	4.74901428575926
4.6	0	4.70373418180586
4.61	0	4.65866009445354
4.62	0	4.61380623883509
4.63	0	4.56917296078953
4.64	0	4.52476049197654
4.65	0	4.48056895606275
4.66	0	4.43659837464401
4.67	0	4.39284867291168
4.68	0	4.34931968507096
4.69	0	4.30601115951966
4.7	0	4.26292276379532
4.71	0	4.22003609600951
4.72	0	4.17737049613603
4.73	0	4.1349263647308
4.74	0	4.09270395646649
4.75	0	4.05070338948867
4.76	0	4.00892465426488
4.77	0	3.96736762195115
4.78	0	3.92603205229936
4.79	0	3.88491760112809
4.8	0	3.84402382737883
4.81	0	3.80332907931409
4.82	0	3.76285596261276
4.83	0	3.72260490639778
4.84	0	3.68257617497304
4.85	0	3.6427698790039
4.86	0	3.60318598605417
4.87	0	3.56382433051292
4.88	0	3.52468462294305
4.89	0	3.48576645888227
4.9	0	3.44706932712584
4.91	0	3.40856995685164
4.92	0	3.37029251321485
4.93	0	3.33223742386529
4.94	0	3.29440494403228
4.95	0	3.25679516843859
4.96	0	3.21940804251623
4.97	0	3.18224337296093
4.98	0	3.14530083766078
4.99	0	3.10857999503271
5	0	3.07208029279931
5.01	0	3.03577813958144
5.02	0	2.99969790777327
5.03	0	2.96383999946842
5.04	0	2.92820464597507
5.05	0	2.89279191964096
5.06	0	2.85760174498468
5.07	0	2.8226339091698
5.08	0	2.78788807185705
5.09	0	2.75336377446831
5.1	0	2.71906044889461
5.11	0	2.68495518078722
5.12	0	2.65107152462113
5.13	0	2.61740984196754
5.14	0	2.58397033227143
5.15	0	2.55075304401423
5.16	0	2.51775788522614
5.17	0	2.48498463338234
5.18	0	2.45243294471594
5.19	0	2.42010236297908
5.2	0	2.38799232768206
5.21	0	2.3560812611849
5.22	0	2.32439124348827
5.23	0	2.29292259391117
5.24	0	2.26167548303365
5.25	0	2.23064994285019
5.26	0	2.19984587633893
5.27	0	2.16926306647719
5.28	0	2.13890118473238
5.29	0	2.10875979905644
5.3	0	2.07883838141009
5.31	0	2.04911732147576
5.32	0	2.01961660372559
5.33	0	1.99033650303505
5.34	0	1.96127716245921
5.35	0	1.93243860217018
5.36	0	1.90382072788885
5.37	0	1.87542333883664
5.38	0	1.84724613523253
5.39	0	1.81928872535896
5.4	0	1.79155063221965
5.41	0	1.76401485586091
5.42	0	1.73669864022657
5.43	0	1.70960220453297
5.44	0	1.68272565606395
5.45	0	1.65606899777067
5.46	0	1.62963213544963
5.47	0	1.60341488452006
5.48	0	1.57741697642151
5.49	0	1.55163806465125
5.5	0	1.52607773046034
5.51	0	1.50072179820352
5.52	0	1.47558457170281
5.53	0	1.45066621449723
5.54	0	1.42596679948186
5.55	0	1.40148631516891
5.56	0	1.37722467160915
5.57	0	1.35318170599102
5.58	0	1.32935718793378
5.59	0	1.30575082449044
5.6	0	1.28236226487544
5.61	0	1.25918058724066
5.62	0	1.23621672622331
5.63	0	1.21347077754882
5.64	0	1.19094276873327
5.65	0	1.16863266404012
5.66	0	1.14654036917591
5.67	0	1.12466573573812
5.68	0	1.10300856542785
5.69	0	1.08156861403931
5.7	0	1.06034559523778
5.71	0	1.03933194826678
5.72	0	1.01853513262751
5.73	0	0.997955167922702
5.74	0	0.977592028109037
5.75	0	0.95744564524475
5.76	0	0.937515913047837
5.77	0	0.917802690274483
5.78	0	0.898305803927063
5.79	0	0.879025052300636
5.8	0	0.859960207876377
5.81	0	0.841106981723017
5.82	0	0.822469458535693
5.83	0	0.804047580567589
5.84	0	0.78584126608766
5.85	0	0.767850412063455
5.86	0	0.75007489671695
5.87	0	0.732514581960234
5.88	0	0.715169315717613
5.89	0	0.698038934140334
5.9	0	0.681123263719966
5.91	0	0.664421394945726
5.92	0	0.647933925052936
5.93	0	0.631660705288737
5.94	0	0.615601583455754
5.95	0	0.599756405671075
5.96	0	0.584125018051872
5.97	0	0.568707268332129
5.98	0	0.553503007414779
5.99	0	0.538512090863321
6	0	0.523734380336842
6.01	0	0.509172103857567
6.02	0	0.494822604816834
6.03	0	0.480685634422399
6.04	0	0.466760958979654
6.05	0	0.453048360886167
6.06	0	0.439547639597029
6.07	0	0.426258612563569
6.08	0	0.413181116147919
6.09	0	0.400315006515863
6.1	0	0.387660160510246
6.11	0	0.375221923555019
6.12	0	0.362994374827001
6.13	0	0.350977140339768
6.14	0	0.3391698774843
6.15	0	0.327572275394539
6.16	0	0.316184055319124
6.17	0	0.305004971000415
6.18	0	0.294034809061918
6.19	0	0.283273389405166
6.2	0	0.272720565617149
6.21	0	0.262384455498724
6.22	0	0.252256171716783
6.23	0	0.242335188203162
6.24	0	0.232621023467503
6.25	0	0.22311324046174
6.26	0	0.213811446477361
6.27	0	0.204715293075431
6.28	0	0.195824476049361
6.29	0	0.187138735420527
6.3	0	0.178657855466817
6.31	0	0.170392027162354
6.32	0	0.162330052220572
6.33	0	0.154471236161409
6.34	0	0.146814938239805
6.35	0	0.139360570935453
6.36	0	0.132107599492872
6.37	0	0.125055541510901
6.38	0	0.118203966580856
6.39	0	0.111552495972645
6.4	0	0.105100802368261
6.41	0	0.098860569481638
6.42	0	0.092818817500718
6.43	0	0.086974661866426
6.44	0	0.081327276445743
6.45	0	0.075875892743174
6.46	0	0.07061979917168
6.47	0	0.065558340381587
6.48	0	0.060690916646111
6.49	0	0.056016983302242
6.5	0	0.051536050245865
6.51	0	0.047260313309569
6.52	0	0.043175942758694
6.53	0	0.039281855379137
6.54	0	0.035577026173703
6.55	0	0.03206048737822
6.56	0	0.028731327538492
6.57	0	0.025588690646179
6.58	0	0.022631775331876
6.59	0	0.019859834113746
6.6	0	0.017272172700222
6.61	0	0.014880209708956
6.62	0	0.012670538158121
6.63	0	0.010641895835234
6.64	0	0.008793073710955
6.65	0	0.007122914839453
6.66	0	0.005630313314234
6.67	0	0.004314213277411
6.68	0	0.003173607980484
6.69	0	0.002207538894856
6.7	0	0.001415094870385
6.71	0	0.000805954347746
6.72	0	0.000368112089898
6.73	0	0.000100158707212
6.74	0	7.29E-07
6.75	0	6.8501083305388E-05
6.76	0	0.00030219471656
6.77	0	0.000700570797752
6.78	0	0.001262430058638
6.79	0	0.001986612136188
6.8	0	0.002871994626279
6.81	0	0.003925433185782
6.82	0	0.005137465656747
6.83	0	0.006506597201149
6.84	0	0.008031365797357
6.85	0	0.009710341089002
6.86	0	0.01154212326713
6.87	0	0.013525341983929
6.88	0	0.015658655296425
6.89	0	0.017940748638589
6.9	0	0.020370333820372
6.91	0	0.022951062008667
6.92	0	0.025676496075865
6.93	0	0.028545122358052
6.94	0	0.031555447868436
6.95	0	0.03470599919477
6.96	0	0.037995321417785
6.97	0	0.041421977049327
6.98	0	0.044984544988904
6.99	0	0.048681619497444
7	0	0.052511809187076
7.01	0	0.056475906069533
7.02	0	0.060570251548064
7.03	0	0.064793358918099
7.04	0	0.069143750717014
7.05	0	0.073619957688639
7.06	0	0.078220517758305
7.07	0	0.082943975017508
7.08	0	0.087788878717262
7.09	0	0.092753782269294
7.1	0	0.097837242254237
7.11	0	0.103037501689919
7.12	0	0.10835345379575
7.13	0	0.113783678101006
7.14	0	0.119326753612378
7.15	0	0.124981257858027
7.16	0	0.13074576593424
7.17	0	0.136618849554079
7.18	0	0.142599076097452
7.19	0	0.14868500766204
7.2	0	0.154875200114565
7.21	0	0.161165728904008
7.22	0	0.167557742361783
7.23	0	0.174049923845122
7.24	0	0.180640948727692
7.25	0	0.187329483535759
7.26	0	0.194114185081593
7.27	0	0.200993699593772
7.28	0	0.207966661844046
7.29	0	0.215031694270474
7.3	0	0.222187406096555
7.31	0	0.229428377796945
7.32	0	0.236757418875716
7.33	0	0.244173340730865
7.34	0	0.251674941748086
7.35	0	0.259261006534821
7.36	0	0.266930305148437
7.37	0	0.2746815923184
7.38	0	0.282513606662256
7.39	0	0.290425069895334
7.4	0	0.298414686034016
7.41	0	0.306476106869525
7.42	0	0.314613297589561
7.43	0	0.322825214811152
7.44	0	0.331110799409331
7.45	0	0.339468975852273
7.46	0	0.347898651529209
7.47	0	0.356398716071063
7.48	0	0.364968040663725
7.49	0	0.373605477353967
7.5	0	0.382309858347963
7.51	0	0.391074182397209
7.52	0	0.399903355201772
7.53	0	0.40879650442809
7.54	0	0.417752741514875
7.55	0	0.426771161117371
7.56	0	0.43585084054418
7.57	0	0.444990839186644
7.58	0	0.454190197940771
7.59	0	0.463447938621695
7.6	0	0.472763063370691
7.61	0	0.482128628985985
7.62	0	0.491549826342818
7.63	0	0.501025961689604
7.64	0	0.510556326189384
7.65	0	0.520140195470224
7.66	0	0.529776829168713
7.67	0	0.539465470466558
7.68	0	0.549205345620215
7.69	0	0.558995663483592
7.7	0	0.568835615023801
7.71	0	0.578718947215411
7.72	0	0.588650515815674
7.73	0	0.598629791439546
7.74	0	0.608656231580833
7.75	0	0.618729280255342
7.76	0	0.628848367637993
7.77	0	0.639012909693845
7.78	0	0.649222307803035
7.79	0	0.659475948379559
7.8	0	0.669773202483945
7.81	0	0.680108804984282
7.82	0	0.690486948890617
7.83	0	0.700907243515538
7.84	0	0.711369287221952
7.85	0	0.721872667141862
7.86	0	0.732416958890033
7.87	0	0.743001726272511
7.88	0	0.753626520989937
7.89	0	0.764290882335647
7.9	0	0.774994336888486
7.91	0	0.785732693316189
7.92	0	0.796509342421271
7.93	0	0.807324000854637
7.94	0	0.818176376272779
7.95	0	0.829066167114208
7.96	0	0.839993062371603
7.97	0	0.850956741359665
7.98	0	0.861956873478589
7.99	0	0.872993117973143
8	0	0.884065123687294
8.01	0	0.895169555772889
8.02	0	0.906309162535343
8.03	0	0.917483744915716
8.04	0	0.92869309657349
8.05	0	0.939937003708096
8.06	0	0.951215244876876
8.07	0	0.962527590809468
8.08	0	0.973873804218565
8.09	0	0.985253639606979
8.1	0	0.996666843070995
8.11	0	1.00811067268321
8.12	0	1.01958745913057
8.13	0	1.0310970763244
8.14	0	1.04263939250556
8.15	0	1.05421427010483
8.16	0	1.06582156560043
8.17	0	1.07746112937258
8.18	0	1.08913280555514
8.19	0	1.10083643188424
8.2	0	1.11257183954384
8.21	0	1.12433703193765
8.22	0	1.13613373721331
8.23	0	1.14796187931785
8.24	0	1.15982137768483
8.25	0	1.17171214712154
8.26	0	1.1836340976937
8.27	0	1.19558713460787
8.28	0	1.20757115809131
8.29	0	1.2195860632693
8.3	0	1.23163174004004
8.31	0	1.24370679269562
8.32	0	1.25581244306111
8.33	0	1.26794864433783
8.34	0	1.28011534591199
8.35	0	1.29231249325775
8.36	0	1.3045400278382
8.37	0	1.31679788700412
8.38	0	1.32908600389072
8.39	0	1.34140430731201
8.4	0	1.35375272165313
8.41	0	1.36613013454025
8.42	0	1.37853754348862
8.43	0	1.39097492327887
8.44	0	1.40344224541107
8.45	0	1.41593947801973
8.46	0	1.42846658578701
8.47	0	1.44102352985396
8.48	0	1.45361026772988
8.49	0	1.46622675319968
8.5	0	1.47887293622929
8.51	0	1.49154788172122
8.52	0	1.50425245537166
8.53	0	1.51698665007064
8.54	0	1.52975045589121
8.55	0	1.54254386001477
8.56	0	1.55536684665473
8.57	0	1.56821939697848
8.58	0	1.58110148902766
8.59	0	1.59401309763667
8.6	0	1.60695419434936
8.61	0	1.61992409519152
8.62	0	1.63292344828742
8.63	0	1.64595225550034
8.64	0	1.65901051611278
8.65	0	1.67209822675701
8.66	0	1.68521538134415
8.67	0	1.69836197099159
8.68	0	1.71153798394884
8.69	0	1.72474340552175
8.7	0	1.737978217995
8.71	0	1.75124192516635
8.72	0	1.76453500108833
8.73	0	1.77785744819413
8.74	0	1.79120926635997
8.75	0	1.80459045283624
8.76	0	1.81800100217726
8.77	0	1.83144090616932
8.78	0	1.84491015375726
8.79	0	1.85840873096929
8.8	0	1.87193662084027
8.81	0	1.88549319865995
8.82	0	1.89907907456602
8.83	0	1.91269425992904
8.84	0	1.92633876383113
8.85	0	1.94001259300354
8.86	0	1.95371575176277
8.87	0	1.96744824194526
8.88	0	1.98121006284069
8.89	0	1.99500121112365
8.9	0	2.00882168078393
8.91	0	2.02267099258221
8.92	0	2.03654962755582
8.93	0	2.05045760062995
8.94	0	2.06439492456856
8.95	0	2.07836160991516
8.96	0	2.09235766493226
8.97	0	2.10638309553948
8.98	0	2.12043790525021
8.99	0	2.13452209510697
9	0	2.14863566361516
9.01	0	2.16277828296307
9.02	0	2.17695028524459
9.03	0	2.19115168120033
9.04	0	2.20538247932954
9.05	0	2.21964268582956
9.06	0	2.23393230453392
9.07	0	2.24825133684906
9.08	0	2.26259978168964
9.09	0	2.27697763541243
9.1	0	2.29138489174874
9.11	0	2.30582118586591
9.12	0	2.32028687846284
9.13	0	2.33478197725828
9.14	0	2.3493064877059
9.15	0	2.36386041293398
9.16	0	2.37844375368379
9.17	0	2.39305650824667
9.18	0	2.40769867239965
9.19	0	2.42237023933975
9.2	0	2.43707119961679
9.21	0	2.45180112975497
9.22	0	2.46656044513139
9.23	0	2.48134915370841
9.24	0	2.49616726127948
9.25	0	2.51101477141231
9.26	0	2.52589168539081
9.27	0	2.54079800215576
9.28	0	2.55573371824424
9.29	0	2.57069882772768
9.3	0	2.5856933221487
9.31	0	2.60071673360013
9.32	0	2.61576952622252
9.33	0	2.6308517122224
9.34	0	2.64596330187417
9.35	0	2.66110430347045
9.36	0	2.67627472327131
9.37	0	2.69147456545244
9.38	0	2.70670383205229
9.39	0	2.72196252291802
9.4	0	2.73725063565037
9.41	0	2.75256782245544
9.42	0	2.76791443503109
9.43	0	2.78329048542044
9.44	0	2.79869598384929
9.45	0	2.81413093868094
9.46	0	2.82959535637016
9.47	0	2.84508924141608
9.48	0	2.86061259631431
9.49	0	2.87616542150797
9.5	0	2.89174771533777
9.51	0	2.907359243415
9.52	0	2.92300024076133
9.53	0	2.93867071357491
9.54	0	2.95437066619479
9.55	0	2.97010010105699
9.56	0	2.98585901864953
9.57	0	3.0016474174667
9.58	0	3.01746529396245
9.59	0	3.03331264250281
9.6	0	3.04918945531754
9.61	0	3.06509545075259
9.62	0	3.08103090056553
9.63	0	3.09699580734331
9.64	0	3.11299017187783
9.65	0	3.12901399312613
9.66	0	3.14506726816995
9.67	0	3.16114999217455
9.68	0	3.1772621583468
9.69	0	3.19340375789259
9.7	0	3.20957477997341
9.71	0	3.2257748831873
9.72	0	3.24200439566591
9.73	0	3.25826332081477
9.74	0	3.27455166048444
9.75	0	3.29086941493996
9.76	0	3.30721658282997
9.77	0	3.32359316115527
9.78	0	3.33999914523705
9.79	0	3.35643452868462
9.8	0	3.37289930336275
9.81	0	3.38939311464018
9.82	0	3.40591631085677
9.83	0	3.42246890012193
9.84	0	3.4390508893819
9.85	0	3.45566228440288
9.86	0	3.47230308975414
9.87	0	3.48897330879103
9.88	0	3.50567294363798
9.89	0	3.52240199517146
9.9	0	3.53916046300295
9.91	0	3.55594814815898
9.92	0	3.57276525369931
9.93	0	3.58961178775363
9.94	0	3.60648775753602
9.95	0	3.62339316933853
9.96	0	3.64032802852508
9.97	0	3.65729233952565
9.98	0	3.67428610583073
9.99	0	3.69130932998611
10	0	3.708362013588
10.01	0	3.72544412518921
10.02	0	3.74255569797304
10.03	0	3.75969673268189
10.04	0	3.77686722916194
10.05	0	3.79406718636203
10.06	0	3.81129660233296
10.07	0	3.82855547422739
10.08	0	3.84584379830019
10.09	0	3.86316156990938
10.1	0	3.8805087835177
10.11	0	3.89788539731714
10.12	0	3.91529144090866
10.13	0	3.93272690831315
10.14	0	3.95019179274616
10.15	0	3.96768608662468
10.16	0	3.98520978157477
10.17	0	4.00276286843997
10.18	0	4.02034533729057
10.19	0	4.03795717743379
10.2	0	4.05559837742479
10.21	0	4.07326886095076
10.22	0	4.09096868200882
10.23	0	4.10869783101678
10.24	0	4.12645629783758
10.25	0	4.14424407179922
10.26	0	4.16206114171593
10.27	0	4.1799074959106
10.28	0	4.19778312223853
10.29	0	4.21568800811248
10.3	0	4.23362214052922
10.31	0	4.25158541609159
10.32	0	4.2695779149329
10.33	0	4.28759962865295
10.34	0	4.30565054876066
10.35	0	4.32373066671378
10.36	0	4.34183997396041
10.37	0	4.35997846198242
10.38	0	4.37814612234079
10.39	0	4.39634294672308
10.4	0	4.41456892699281
10.41	0	4.43282408398666
10.42	0	4.45110838010164
10.43	0	4.46942180623369
10.44	0	4.48776435360857
10.45	0	4.50613601384094
10.46	0	4.52453677899597
10.47	0	4.54296664165346
10.48	0	4.56142559497462
10.49	0	4.57991363277151
10.5	0	4.59843074957924
10.51	0	4.61697699535869
10.52	0	4.63555230936966
10.53	0	4.65415668532917
10.54	0	4.67279011786776
10.55	0	4.69145260261349
10.56	0	4.71014413627912
10.57	0	4.72886471675274
10.58	0	4.74761434319173
10.59	0	4.76639301612035
10.6	0	4.78520073753096
10.61	0	4.80403773537934
10.62	0	4.82290378104748
10.63	0	4.84179886739827
10.64	0	4.86072298867182
10.65	0	4.87967614059185
10.66	0	4.89865832047608
10.67	0	4.91766952735087
10.68	0	4.93670976206991
10.69	0	4.95577902743739
10.7	0	4.97487732833561
10.71	0	4.99400507902401
10.72	0	5.01316186469903
10.73	0	5.03234767154637
10.74	0	5.05156248740269
10.75	0	5.07080630188022
10.76	0	5.09007910649619
10.77	0	5.10938089480692
10.78	0	5.12871166254692
10.79	0	5.14807140777306
10.8	0	5.16746013101402
10.81	0	5.18687816917435
10.82	0	5.20632518054429
10.83	0	5.22580115290527
10.84	0	5.24530607634365
10.85	0	5.2648399434056
10.86	0	5.28440274925772
10.87	0	5.30399449185352
10.88	0	5.32361517210582
10.89	0	5.34326479406542
10.9	0	5.36294336510604
10.91	0	5.38265141472166
10.92	0	5.4023884174514
10.93	0	5.4221543589868
10.94	0	5.44194922785565
10.95	0	5.46177301560478
10.96	0	5.48162571698962
10.97	0	5.50150733017042
10.98	0	5.52141785691572
10.99	0	5.54135730281283
11	0	5.56132567748593
11.01	0	5.58132370876194
11.02	0	5.60135067174869
11.03	0	5.62140654434917
11.04	0	5.64149130764583
11.05	0	5.66160494610726
11.06	0	5.68174744780239
11.07	0	5.70191880462243
11.08	0	5.72211901251077
11.09	0	5.7423480717012
11.1	0	5.76260598696451
11.11	0	5.78289341111271
11.12	0	5.80320968926881
11.13	0	5.82355480061896
11.14	0	5.84392872830898
11.15	0	5.86433145968897
11.16	0	5.88476298656698
11.17	0	5.90522330547171
11.18	0	5.92571241792454
11.19	0	5.94623033072128
11.2	0	5.96677705622376
11.21	0	5.98735343741791
11.22	0	6.00795864053657
11.23	0	6.02859264419736
11.24	0	6.04925543170431
11.25	0	6.06994699133049
11.26	0	6.0906673166108
11.27	0	6.11141640664517
11.28	0	6.13219426641271
11.29	0	6.15300090709672
11.3	0	6.17383634642139
11.31	0	6.19470164562966
11.32	0	6.2155957582416
11.33	0	6.23651865797527
11.34	0	6.25747032381378
11.35	0	6.27845074032284
11.36	0	6.29945989797967
11.37	0	6.32049779351389
11.38	0	6.34156443026036
11.39	0	6.36265981852481
11.4	0	6.38378397596211
11.41	0	6.40493803451864
11.42	0	6.4261208769719
11.43	0	6.44733247518635
11.44	0	6.46857280705595
11.45	0	6.48984185686371
11.46	0	6.51113961565451
11.47	0	6.53246608162111
11.48	0	6.55382126050412
11.49	0	6.5752051660061
11.5	0	6.59661782022025
11.51	0	6.61806045627108
11.52	0	6.63953186448779
11.53	0	6.66103201850366
11.54	0	6.68256089894054
11.55	0	6.70411849381834
11.56	0	6.72570479897919
11.57	0	6.74731981852697
11.58	0	6.76896356528247
11.59	0	6.79063606125468
11.6	0	6.81233733812882
11.61	0	6.83406888639272
11.62	0	6.85582925293376
11.63	0	6.87761840950734
11.64	0	6.89943633567574
11.65	0	6.92128301926442
11.66	0	6.94315845683505
11.67	0	6.96506265417555
11.68	0	6.98699562680763
11.69	0	7.00895740051257
11.7	0	7.03094801187546
11.71	0	7.05296921829971
11.72	0	7.07501930338681
11.73	0	7.09709823089789
11.74	0	7.11920597299039
11.75	0	7.14134251071613
11.76	0	7.16350783453771
11.77	0	7.18570194486362
11.78	0	7.20792485260277
11.79	0	7.23017657973888
11.8	0	7.25245715992555
11.81	0	7.27476836246037
11.82	0	7.29710845594409
11.83	0	7.31947740318278
11.84	0	7.34187517636302
11.85	0	7.3643017576064
11.86	0	7.38675713954417
11.87	0	7.40924132591316
11.88	0	7.43175433217311
11.89	0	7.45429618614635
11.9	0	7.47686692868051
11.91	0	7.49946859693236
11.92	0	7.52209920088137
11.93	0	7.54475869846227
11.94	0	7.56744705783127
11.95	0	7.59016425797406
11.96	0	7.61291028933658
11.97	0	7.63568515447866
11.98	0	7.65848886875188
11.99	0	7.68132146100173
12	0	7.70418297429542
12.01	0	7.72707571729104
12.02	0	7.74999742708141
12.03	0	7.77294805068538
12.04	0	7.79592754596891
12.05	0	7.81893588230237
12.06	0	7.84197304124224
12.07	0	7.86503901723829
12.08	0	7.88813381836674
12.09	0	7.91125746709034
12.1	0	7.93441000104624
12.11	0	7.95759373417821
12.12	0	7.98080639081805
12.13	0	8.00404791510048
12.14	0	8.02731826311077
12.15	0	8.05061740360914
12.16	0	8.07394531878247
12.17	0	8.09730200502411
12.18	0	8.12068747374243
12.19	0	8.14410175219936
12.2	0	8.16754488437946
12.21	0	8.19101944279447
12.22	0	8.21452290209117
12.23	0	8.23805520185922
12.24	0	8.26161629470881
12.25	0	8.28520614706362
12.26	0	8.30882473998381
12.27	0	8.33247207001977
12.28	0	8.35614815009787
12.29	0	8.37985301043882
12.3	0	8.40358669951014
12.31	0	8.42735207962813
12.32	0	8.45114633962835
12.33	0	8.47496941049989
12.34	0	8.49882123718722
12.35	0	8.52270177944976
12.36	0	8.54661101275409
12.37	0	8.57054892920001
12.38	0	8.59451553848133
12.39	0	8.61851086888258
12.4	0	8.64253496831272
12.41	0	8.66659085128108
12.42	0	8.69067555296994
12.43	0	8.71478899871001
12.44	0	8.73893112895336
12.45	0	8.76310190021001
12.46	0	8.7873012860206
12.47	0	8.81152927796589
12.48	0	8.8357858867146
12.49	0	8.86007114311046
12.5	0	8.88438509930001
12.51	0	8.90873095892463
12.52	0	8.9331055760339
12.53	0	8.95750887403605
12.54	0	8.98194079287218
12.55	0	9.00640129004124
12.56	0	9.03089034166421
12.57	0	9.05540794358914
12.58	0	9.07995411253811
12.59	0	9.10452888729746
12.6	0	9.12913232995282
12.61	0	9.15376798732491
12.62	0	9.1784323853906
12.63	0	9.20312544290514
12.64	0	9.22784709646497
12.65	0	9.25259730161967
12.66	0	9.27737603402716
12.67	0	9.30218329065326
12.68	0	9.32701909101706
12.69	0	9.35188347848375
12.7	0	9.37677652160614
12.71	0	9.40170212331853
12.72	0	9.42665646091144
12.73	0	9.45163944361049
12.74	0	9.47665099960306
12.75	0	9.50169107723405
12.76	0	9.52675964624834
12.77	0	9.55185669908135
12.78	0	9.57698225219945
12.79	0	9.60213634749165
12.8	0	9.62731905371432
12.81	0	9.65253438125036
12.82	0	9.67777840311115
12.83	0	9.70305102755077
12.84	0	9.7283521834359
12.85	0	9.75368182154706
12.86	0	9.77903991593073
12.87	0	9.80442646530438
12.88	0	9.82984149451572
12.89	0	9.85528505605836
12.9	0	9.88075723164523
12.91	0	9.90626237212708
12.92	0	9.9317962330716
12.93	0	9.95735872263544
12.94	0	9.98294977129967
12.95	0	10.008569333281
12.96	0	10.0342173879993
12.97	0	10.0598939416014
12.98	0	10.0855990285463
12.99	0	10.1113327132493
13	0	10.1370950917914
13.01	0	10.1628908443105
13.02	0	10.1887154238816
13.03	0	10.2145687410899
13.04	0	10.2404507306954
13.05	0	10.2663613531619
13.06	0	10.2923005962474
13.07	0	10.3182684766567
13.08	0	10.3442650417587
13.09	0	10.370290371371
13.1	0	10.3963445796131
13.11	0	10.4224324060006
13.12	0	10.448549288779
13.13	0	10.4746951627867
13.14	0	10.5008699900084
13.15	0	10.5270737612651
13.16	0	10.5533064979709
13.17	0	10.5795682539595
13.18	0	10.6058591173822
13.19	0	10.6321792126802
13.2	0	10.6585287026326
13.21	0	10.6849126289609
13.22	0	10.711326230609
13.23	0	10.7377694882986
13.24	0	10.7642424137728
13.25	0	10.790745051679
13.26	0	10.8172774815283
13.27	0	10.8438398197311
13.28	0	10.8704322217133
13.29	0	10.8970548841148
13.3	0	10.9237080470742
13.31	0	10.9503971268017
13.32	0	10.9771171503253
13.33	0	11.0038681738431
13.34	0	11.0306502895785
13.35	0	11.0574636279
13.36	0	11.0843083595237
13.37	0	11.1111846978033
13.38	0	11.1380929011108
13.39	0	11.1650332753096
13.4	0	11.1920061763256
13.41	0	11.219017383154
13.42	0	11.2460618059272
13.43	0	11.2731396225712
13.44	0	11.3002510538116
13.45	0	11.3273963655915
13.46	0	11.3545758715866
13.47	0	11.3817899358196
13.48	0	11.409038975378
13.49	0	11.4363234632398
13.5	0	11.4636439312098
13.51	0	11.4910068660091
13.52	0	11.518406833819
13.53	0	11.5458441833439
13.54	0	11.5733193143848
13.55	0	11.600832680614
13.56	0	11.6283847924611
13.57	0	11.6559762201161
13.58	0	11.6836075966516
13.59	0	11.7112796212705
13.6	0	11.7389930626834
13.61	0	11.766755370778
13.62	0	11.7945606347083
13.63	0	11.8224094288131
13.64	0	11.8503023883036
13.65	0	11.8782402124551
13.66	0	11.9062236679293
13.67	0	11.9342535922337
13.68	0	11.9623308973215
13.69	0	11.9904565733403
13.7	0	12.0186316925349
13.71	0	12.0468651522076
13.72	0	12.0751502069767
13.73	0	12.1034877029266
13.74	0	12.1318785574278
13.75	0	12.160323762781
13.76	0	12.1888243900156
13.77	0	12.2173815928488
13.78	0	12.2459966118131
13.79	0	12.2746707785594
13.8	0	12.3034055203448
13.81	0	12.3322118228696
13.82	0	12.361081554126
13.83	0	12.390015848588
13.84	0	12.4190159211857
13.85	0	12.4480830713682
13.86	0	12.4772186873466
13.87	0	12.5064242505243
13.88	0	12.5357013401252
13.89	0	12.565051638028
13.9	0	12.594476933818
13.91	0	12.6239905664723
13.92	0	12.6535827581008
13.93	0	12.6832549176125
13.94	0	12.7130085405987
13.95	0	12.7428452137096
13.96	0	12.7727666192327
13.97	0	12.802774539885
13.98	0	12.8328708638302
13.99	0	12.8630575899319
14	0	12.8933368332556
14.01	0	12.9237242046152
14.02	0	12.9542082830148
14.03	0	12.9847907056535
14.04	0	13.0154731980015
14.05	0	13.0462575782858
14.06	0	13.0771457621961
14.07	0	13.1081397678211
14.08	0	13.1392417208293
14.09	0	13.170453859907
14.1	0	13.2017785424676
14.11	0	13.2332329221799
14.12	0	13.2648045041188
14.13	0	13.2964950919232
14.14	0	13.3283065737535
14.15	0	13.3602409266141
14.16	0	13.392300220897
14.17	0	13.4244866251599
14.18	0	13.4568024111526
14.19	0	13.4892499591049
14.2	0	13.521831763292
14.21	0	13.5545652749765
14.22	0	13.587437974871
14.23	0	13.6204517763236
14.24	0	13.6536086686136
14.25	0	13.6869107208091
14.26	0	13.7203600858314
14.27	0	13.7539590047377
14.28	0	13.7877098112363
14.29	0	13.8216149364465
14.3	0	13.8556769139185
14.31	0	13.8899123525882
14.32	0	13.9243096626922
14.33	0	13.9588708129683
14.34	0	13.9935978348181
14.35	0	14.0284928253622
14.36	0	14.0635579506652
14.37	0	14.0987954491396
14.38	0	14.1342076351389
14.39	0	14.1697969027529
14.4	0	14.2055657298167
14.41	0	14.241528667444
14.42	0	14.2776760860895
14.43	0	14.3140099628038
14.44	0	14.350532320002
14.45	0	14.3872452273855
14.46	0	14.4241508039709
14.47	0	14.4612512202316
14.48	0	14.4985487003605
14.49	0	14.5360455246605
14.5	0	14.5737440320711
14.51	0	14.6116556384436
14.52	0	14.6497735825557
14.53	0	14.6880998088489
14.54	0	14.7266362867899
14.55	0	14.7653850113854
14.56	0	14.8043480037202
14.57	0	14.8435273115199
14.58	0	14.8829250097402
14.59	0	14.9225432011857
14.6	0	14.9623840171588
14.61	0	15.0024549190506
14.62	0	15.0427526842963
14.63	0	15.083279187771
14.64	0	15.1240363075538
14.65	0	15.1650259239072
14.66	0	15.2062499181853
14.67	0	15.2477101716689
14.68	0	15.2894085643203
14.69	0	15.3313469734573
14.7	0	15.3735272723387
14.71	0	15.415952521875
14.72	0	15.458623366963
14.73	0	15.5015415810991
14.74	0	15.5447089203357
14.75	0	15.5881271208877
14.76	0	15.6317978965906
14.77	0	15.6757229362002
14.78	0	15.7199039005275
14.79	0	15.764342419398
14.8	0	15.8090400884274
14.81	0	15.8539959981681
14.82	0	15.8992141729107
14.83	0	15.944696246454
14.84	0	15.9904438183284
14.85	0	16.0364584505801
14.86	0	16.0827416643808
14.87	0	16.129294936455
14.88	0	16.1761196953169
14.89	0	16.2232173173102
14.9	0	16.2705891224416
14.91	0	16.3182315104724
14.92	0	16.3661506008738
14.93	0	16.4143478378608
14.94	0	16.4628246216013
14.95	0	16.5115823052712
14.96	0	16.560622192021
14.97	0	16.6099455318571
14.98	0	16.6595535184436
14.99	0	16.709447285827
15	0	16.759627905092
15.01	0	16.8100914513981
15.02	0	16.8608438422327
15.03	0	16.9118862652601
15.04	0	16.9632198649104
15.05	0	17.0148457415021
15.06	0	17.0667649505594
15.07	0	17.1189785023541
15.08	0	17.1714873617093
15.09	0	17.2242924481024
15.1	0	17.2773946361126
15.11	0	17.3307933769492
15.12	0	17.384490848464
15.13	0	17.438487888959
15.14	0	17.4927853080913
15.15	0	17.5473838906913
15.16	0	17.6022844013579
15.17	0	17.6574875899206
15.18	0	17.7129941978654
15.19	0	17.7688049658346
15.2	0	17.8249206423147
15.21	0	17.8813490488797
15.22	0	17.9380838920422
15.23	0	17.9951255400213
15.24	0	18.0524743640711
15.25	0	18.1101307506242
15.26	0	18.1680951152341
15.27	0	18.2263679185097
15.28	0	18.2849496842492
15.29	0	18.3438410200001
15.3	0	18.4030426402941
15.31	0	18.4625772572217
15.32	0	18.5224239793551
15.33	0	18.5825825518322
15.34	0	18.643052774332
15.35	0	18.7038345262902
15.36	0	18.7649277955484
15.37	0	18.826332710788
15.38	0	18.8880495781362
15.39	0	18.9500789223647
15.4	0	19.0124215331398
15.41	0	19.0751230839953
15.42	0	19.13814055346
15.43	0	19.2014728750673
15.44	0	19.2651191102008
15.45	0	19.3290784923475
15.46	0	19.393350477223
15.47	0	19.4579347993708
15.48	0	19.5228315358889
15.49	0	19.5880411780006
15.5	0	19.6535647112528
15.51	0	19.7194803687259
15.52	0	19.7857140975973
15.53	0	19.8522637945104
15.54	0	19.919127580346
15.55	0	19.98630387078
15.56	0	20.0537914561972
15.57	0	20.1215895919184
15.58	0	20.1896980997868
15.59	0	20.2581174822609
15.6	0	20.326849050266
15.61	0	20.396014754727
15.62	0	20.4654992257029
15.63	0	20.5352990590351
15.64	0	20.6054111945535
15.65	0	20.6758330215644
15.66	0	20.7465624984858
15.67	0	20.817598288089
15.68	0	20.8889399099406
15.69	0	20.9605879117935
15.7	0	21.032544061848
15.71	0	21.1049866687916
15.72	0	21.1777474621789
15.73	0	21.2508214348658
15.74	0	21.3242040664488
15.75	0	21.3978914737371
15.76	0	21.4718805817811
15.77	0	21.5461693175953
15.78	0	21.6207568289155
15.79	0	21.6956437305593
15.8	0	21.7708323812231
15.81	0	21.84657162591
15.82	0	21.9226273768873
15.83	0	21.9989926828803
15.84	0	22.0756612438274
15.85	0	22.1526276178562
15.86	0	22.2298874571884
15.87	0	22.3074377760114
15.88	0	22.3852772536422
15.89	0	22.4634065766454
15.9	0	22.5418288239543
15.91	0	22.6208790657797
15.92	0	22.7002431865768
15.93	0	22.7799119103397
15.94	0	22.8598767963916
15.95	0	22.9401305158937
15.96	0	23.0206671680091
15.97	0	23.1014826399235
15.98	0	23.1825750153319
15.99	0	23.2639450364694
16	0	23.3455966253239
16.01	0	23.4279682807636
16.02	0	23.5106503659425
16.03	0	23.5936308600334
16.04	0	23.6768987785964
16.05	0	23.7604445342185
16.06	0	23.844260350325
16.07	0	23.9283407338512
16.08	0	24.0126830130142
16.09	0	24.0972879470753
16.1	0	24.1821604157607
16.11	0	24.2678611398778
16.12	0	24.3538681319361
16.13	0	24.4401661659203
16.14	0	24.526741266723
16.15	0	24.6135811711207
16.16	0	24.7006758587193
16.17	0	24.788018160426
16.18	0	24.8756044527334
16.19	0	24.9634354469757
16.2	0	25.0515170837838
16.21	0	25.1405527228741
16.22	0	25.2298898443861
16.23	0	25.3195095155693
16.24	0	25.4093942783866
16.25	0	25.4995287286911
16.26	0	25.5899001860006
16.27	0	25.6804994637425
16.28	0	25.7713217507864
16.29	0	25.8623676162265
16.3	0	25.9536441508143
16.31	0	26.0460194647824
16.32	0	26.1386909226045
16.33	0	26.2316353409395
16.34	0	26.3248312393736
16.35	0	26.418259557374
16.36	0	26.5119044869131
16.37	0	26.6057544334755
16.38	0	26.6998031193526
16.39	0	26.7940508446086
16.4	0	26.8885059229906
16.41	0	26.9842251039422
16.42	0	27.0802345926652
16.43	0	27.176506367917
16.44	0	27.2730143384338
16.45	0	27.3697352190092
16.46	0	27.4666495524453
16.47	0	27.5637428935344
16.48	0	27.6610071727072
16.49	0	27.7584422588469
16.5	0	27.8560577432164
16.51	0	27.9551247831163
16.52	0	28.0544758446249
16.53	0	28.1540774365175
16.54	0	28.2538982170788
16.55	0	28.3539100524749
16.56	0	28.4540892570883
16.57	0	28.5544180361238
16.58	0	28.6548861525798
16.59	0	28.7554928429857
16.6	0	28.8562490094189
16.61	0	28.9586679537166
16.62	0	29.0613642245641
16.63	0	29.1642981826676
16.64	0	29.2674325431031
16.65	0	29.3707336410134
16.66	0	29.4741729220998
16.67	0	29.5777286831667
16.68	0	29.6813880900953
16.69	0	29.7851495034244
16.7	0	29.8890251455932
16.71	0	29.9948002724987
16.72	0	30.1008456628651
16.73	0	30.2071148039388
16.74	0	30.3135637194662
16.75	0	30.4201524696471
16.76	0	30.5268469263927
16.77	0	30.6336208550149
16.78	0	30.740458335931
16.79	0	30.8473565632908
16.8	0	30.9543290621963
16.81	0	31.0634650109324
16.82	0	31.17286383262
16.83	0	31.2824713670843
16.84	0	31.3922361410611
16.85	0	31.5021111312669
16.86	0	31.6120558619986
16.87	0	31.7220388753117
16.88	0	31.8320406145951
16.89	0	31.9420567662172
16.9	0	32.0521021096684
16.91	0	32.1646039694567
16.92	0	32.2773610271445
16.93	0	32.3903106513943
16.94	0	32.503393006485
16.95	0	32.6165531093023
16.96	0	32.7297432899541
16.97	0	32.8429261021719
16.98	0	32.9560777326907
16.99	0	33.0691919631636
17	0	33.1822847449851
17.01	0	33.2981581229762
17.02	0	33.4142787860651
17.03	0	33.5305747570144
17.04	0	33.646976910144
17.05	0	33.7634213549985
17.06	0	33.8798523038714
17.07	0	33.9962254788203
17.08	0	34.1125121169903
17.09	0	34.2287036378611
17.1	0	34.344817043966
17.11	0	34.4640681145187
17.12	0	34.5835583697343
17.13	0	34.7032055595261
17.14	0	34.822930276369
17.15	0	34.9426587003474
17.16	0	35.0623259208372
17.17	0	35.1818799014642
17.18	0	35.3012861581527
17.19	0	35.4205332251714
17.2	0	35.5396389931116
17.21	0	35.662274526538
17.22	0	35.7851410105424
17.23	0	35.9081449418593
17.24	0	36.0311955725046
17.25	0	36.1542080528486
17.26	0	36.2771072581901
17.27	0	36.3998323782273
17.28	0	36.5223423517352
17.29	0	36.6446222339033
17.3	0	36.7666905938291
17.31	0	36.8927179673576
17.32	0	37.0189679820766
17.33	0	37.1453348467237
17.34	0	37.2717153451771
17.35	0	37.3980124161053
17.36	0	37.5241395387898
17.37	0	37.6500260192396
17.38	0	37.775623273029
17.39	0	37.9009122061294
17.4	0	38.0259118058478
17.41	0	38.1553389981189
17.42	0	38.2849805099135
17.43	0	38.4147171716688
17.44	0	38.5444321000937
17.45	0	38.674014754821
17.46	0	38.8033659415902
17.47	0	38.932403873036
17.48	0	39.0610713994041
17.49	0	39.1893445255135
17.5	0	39.31724234159
17.51	0	39.4500779146639
17.52	0	39.583119542062
17.53	0	39.7162335292925
17.54	0	39.8492880533199
17.55	0	39.9821577384619
17.56	0	40.1147293389271
17.57	0	40.246908658572
17.58	0	40.3786288379826
17.59	0	40.5098601414307
17.6	0	40.6406213874623
17.61	0	40.7768744637377
17.62	0	40.9133254610966
17.63	0	41.0498249564989
17.64	0	41.186224838968
17.65	0	41.3223834487039
17.66	0	41.458172004991
17.67	0	41.593482475853
17.68	0	41.7282370393975
17.69	0	41.8623992867037
17.7	0	41.995987326388
17.71	0	42.1356675681385
17.72	0	42.275537812962
17.73	0	42.4154316481654
17.74	0	42.5551832490324
17.75	0	42.6946331267585
17.76	0	42.8336353718774
17.77	0	42.972066571782
17.78	0	43.1098365743266
17.79	0	43.2469012655671
17.8	0	43.3832775379165
17.81	0	43.5263951365893
17.82	0	43.6696951274095
17.83	0	43.8129927890754
17.84	0	43.956103077815
17.85	0	44.0988470312485
17.86	0	44.2410599017378
17.87	0	44.3826012272063
17.88	0	44.5233670358279
17.89	0	44.6633043715284
17.9	0	44.8024283318273
17.91	0	44.9408418474514
17.92	0	45.0787585333549
17.93	0	45.2165291453886
17.94	0	45.354672546755
17.95	0	45.4939127139422
17.96	0	45.6352243341661
17.97	0	45.7798912000118
17.98	0	45.9295843069089
17.99	0	46.0864710813194
18	0	46.2533750386146
