87.6231,91.953,0.591633,0.0318745
91.953,96.3845,0.568445,0.0312436
96.3845,100.917,0.541355,0.0304901
100.917,105.552,0.560582,0.0310268
105.552,110.287,0.52343,0.029981
110.287,115.124,0.525988,0.0300542
115.124,120.061,0.512494,0.0296661
120.061,125.099,0.481374,0.0287513
125.099,130.237,0.460665,0.0281261
130.237,135.476,0.444935,0.0276417
135.476,140.816,0.415036,0.0266969
140.816,146.256,0.397528,0.0261277
146.256,151.795,0.377624,0.0254652
151.795,157.435,0.353592,0.0246415
157.435,163.175,0.329806,0.0237983
163.175,169.015,0.310743,0.0231003
169.015,174.954,0.287144,0.0222058
174.954,180.993,0.261897,0.0212072
180.993,187.132,0.239103,0.0202633
187.132,193.37,0.216871,0.0192982
193.37,199.708,0.196923,0.0183893
199.708,206.145,0.175005,0.0173358
206.145,212.681,0.155101,0.0163201
212.681,219.317,0.13295,0.0151099
219.317,226.052,0.112017,0.0138694
226.052,232.885,0.0965946,0.0128793
232.885,239.819,0.0771998,0.011514
239.819,246.851,0.0627396,0.0103798
246.851,253.982,0.048611,0.00913659
253.982,261.212,0.037543,0.00802937
261.212,268.541,0.027269,0.00684308
268.541,275.969,0.0195552,0.00579493
275.969,283.496,0.0135797,0.00482906
283.496,291.122,0.0087827,0.00388357
291.122,298.847,0.00558273,0.00309628
298.847,306.67,0.00340338,0.00241753
306.67,314.593,0.0020226,0.00186368
314.593,322.614,0.00117903,0.00142291
322.614,330.734,0.000591069,0.00100748
330.734,338.953,0.00030857,0.000727937
338.953,347.271,0.000131797,0.00047574
347.271,355.687,5.63765e-05,0.000311147
355.687,364.203,2.62598e-05,0.000212355
364.203,372.817,7.59759e-06,0.000114223
372.817,381.53,6.88542e-06,0.000108738
381.53,390.342,1.23785e-06,4.61052e-05
390.342,399.253,8.17117e-313,3.74592e-158
399.253,408.264,8.08144e-313,3.7253e-158
408.264,417.373,7.99364e-313,3.70501e-158
417.373,426.58,7.9077e-313,3.68504e-158
426.58,435.887,7.82356e-313,3.66538e-158
435.887,445.293,7.74117e-313,3.64603e-158
445.293,454.799,7.66047e-313,3.62697e-158
454.799,464.403,7.5814e-313,3.60821e-158
464.403,474.106,7.50392e-313,3.58972e-158
474.106,483.909,7.42797e-313,3.57151e-158
483.909,493.811,7.35351e-313,3.55356e-158
493.811,503.812,7.28049e-313,3.53588e-158
503.812,513.913,7.20888e-313,3.51844e-158
513.913,524.112,7.13863e-313,3.50126e-158
524.112,534.412,7.06969e-313,3.48431e-158
534.412,544.811,7.00204e-313,3.4676e-158
544.811,555.309,6.93563e-313,3.45112e-158
555.309,565.908,6.87043e-313,3.43486e-158
565.908,576.605,6.80641e-313,3.41882e-158
576.605,587.403,6.74353e-313,3.40299e-158
587.403,598.3,6.68176e-313,3.38737e-158
598.3,609.298,6.62107e-313,3.37195e-158
609.298,620.395,6.56144e-313,3.35673e-158
620.395,631.592,6.50283e-313,3.3417e-158
631.592,642.889,6.44521e-313,3.32687e-158
642.889,654.287,6.38857e-313,3.31222e-158
654.287,665.784,6.33288e-313,3.29775e-158
665.784,677.383,6.2781e-313,3.28345e-158
677.383,689.081,6.22423e-313,3.26934e-158
689.081,700.88,6.17123e-313,3.25539e-158
700.88,712.779,6.11908e-313,3.2416e-158
712.779,724.779,6.06777e-313,3.22798e-158
724.779,736.88,6.01727e-313,3.21452e-158
736.88,749.082,5.96756e-313,3.20122e-158
749.082,761.384,5.91862e-313,3.18807e-158
761.384,773.788,5.87044e-313,3.17506e-158
773.788,786.292,5.823e-313,3.16221e-158
786.292,798.898,5.77628e-313,3.1495e-158
798.898,811.605,5.73026e-313,3.13692e-158
811.605,824.413,5.68493e-313,3.12449e-158
824.413,837.322,5.64027e-313,3.1122e-158
837.322,850.334,5.59627e-313,3.10003e-158
850.334,863.446,5.55291e-313,3.088e-158
863.446,876.661,5.51018e-313,3.07609e-158
876.661,889.977,5.46806e-313,3.06432e-158
889.977,903.395,5.42654e-313,3.05266e-158
903.395,916.915,5.38561e-313,3.04112e-158
916.915,930.537,5.34525e-313,3.02971e-158
930.537,944.261,5.30545e-313,3.01841e-158
944.261,958.088,5.26621e-313,3.00722e-158
958.088,972.017,5.22751e-313,2.99615e-158
972.017,986.048,5.18933e-313,2.98519e-158
986.048,1000.18,5.15167e-313,2.97434e-158
1000.18,1014.42,5.11451e-313,2.9636e-158
1014.42,1028.76,5.07785e-313,2.95296e-158
1028.76,1043.2,5.04168e-313,2.94242e-158
1043.2,1057.75,5.00599e-313,2.93199e-158
1057.75,1072.39,4.97076e-313,2.92165e-158
1072.39,1087.15,4.93599e-313,2.91141e-158
1087.15,1102,4.90167e-313,2.90127e-158
1102,1116.96,4.86778e-313,2.89123e-158
1116.96,1132.02,4.83433e-313,2.88128e-158
1132.02,1147.19,4.80131e-313,2.87142e-158
1147.19,1162.46,4.76869e-313,2.86165e-158
1162.46,1177.83,4.73649e-313,2.85197e-158
1177.83,1193.31,4.70468e-313,2.84238e-158
1193.31,1208.89,4.67327e-313,2.83288e-158
1208.89,1224.57,4.64225e-313,2.82346e-158
1224.57,1240.36,4.6116e-313,2.81412e-158
1240.36,1256.25,4.58132e-313,2.80487e-158
1256.25,1272.25,4.55141e-313,2.7957e-158
1272.25,1288.36,4.52186e-313,2.7866e-158
1288.36,1304.56,4.49265e-313,2.77759e-158
1304.56,1320.87,4.4638e-313,2.76866e-158
1320.87,1337.29,4.43528e-313,2.7598e-158
1337.29,1353.81,4.4071e-313,2.75102e-158
1353.81,1370.44,4.37924e-313,2.74231e-158
1370.44,1387.17,4.35171e-313,2.73368e-158
1387.17,1404.01,4.32449e-313,2.72511e-158
1404.01,1420.95,4.29759e-313,2.71662e-158
1420.95,1438,4.27099e-313,2.7082e-158
1438,1455.15,4.24469e-313,2.69985e-158
1455.15,1472.41,4.21869e-313,2.69157e-158
1472.41,1489.78,4.19298e-313,2.68335e-158
1489.78,1507.25,4.16755e-313,2.67521e-158
1507.25,1524.83,4.14241e-313,2.66713e-158
1524.83,1542.51,4.11754e-313,2.65911e-158
1542.51,1560.3,4.09295e-313,2.65116e-158
1560.3,1578.2,4.06863e-313,2.64327e-158
1578.2,1596.2,4.04457e-313,2.63544e-158
1596.2,1614.31,4.02077e-313,2.62767e-158
1614.31,1632.53,3.99722e-313,2.61997e-158
1632.53,1650.85,3.97393e-313,2.61232e-158
1650.85,1669.28,3.95088e-313,2.60474e-158
1669.28,1687.82,3.92808e-313,2.59721e-158
1687.82,1706.46,3.90552e-313,2.58974e-158
1706.46,1725.21,3.8832e-313,2.58233e-158
1725.21,1744.07,3.86111e-313,2.57497e-158
1744.07,1763.04,3.83925e-313,2.56767e-158
1763.04,1782.11,3.81761e-313,2.56043e-158
1782.11,1801.29,3.7962e-313,2.55324e-158
1801.29,1820.58,3.77501e-313,2.5461e-158
1820.58,1839.97,3.75403e-313,2.53902e-158
1839.97,1859.48,3.73327e-313,2.53199e-158
1859.48,1879.09,3.71271e-313,2.52501e-158
1879.09,1898.81,3.69237e-313,2.51808e-158
1898.81,1918.64,3.67222e-313,2.5112e-158
1918.64,1938.58,3.65228e-313,2.50437e-158
1938.58,1958.62,3.63254e-313,2.4976e-158
1958.62,1978.77,3.61299e-313,2.49087e-158
1978.77,1999.04,3.59364e-313,2.48419e-158
1999.04,2019.41,3.57447e-313,2.47755e-158
2019.41,2039.88,3.5555e-313,2.47097e-158
2039.88,2060.47,3.5367e-313,2.46443e-158
2060.47,2081.17,3.51809e-313,2.45794e-158
2081.17,2101.98,3.49966e-313,2.45149e-158
2101.98,2122.89,3.48141e-313,2.44509e-158
2122.89,2143.91,3.46333e-313,2.43873e-158
2143.91,2165.05,3.44542e-313,2.43242e-158
2165.05,2186.29,3.42769e-313,2.42615e-158
2186.29,2207.64,3.41012e-313,2.41992e-158
2207.64,2229.11,3.39272e-313,2.41374e-158
2229.11,2250.68,3.37548e-313,2.4076e-158
2250.68,2272.36,3.3584e-313,2.4015e-158
2272.36,2294.15,3.34148e-313,2.39545e-158
2294.15,2316.05,3.32472e-313,2.38943e-158
2316.05,2338.06,3.30812e-313,2.38346e-158
2338.06,2360.18,3.29166e-313,2.37752e-158
2360.18,2382.41,3.27536e-313,2.37163e-158
2382.41,2404.75,3.25921e-313,2.36577e-158
2404.75,2427.2,3.2432e-313,2.35996e-158
2427.2,2449.76,3.22734e-313,2.35418e-158
2449.76,2472.44,3.21163e-313,2.34844e-158
2472.44,2495.22,3.19605e-313,2.34274e-158
2495.22,2518.11,3.18062e-313,2.33708e-158
2518.11,2541.11,3.16532e-313,2.33145e-158
2541.11,2564.23,3.15017e-313,2.32586e-158
2564.23,2587.45,3.13514e-313,2.32031e-158
2587.45,2610.79,3.12025e-313,2.31479e-158
